8 6 0 8 7 6 5 2 9 7 5 9 7 6 3 5 
5 1 1 4 2 7 1 6 3 4 3 4 0 8 2 1 
2 4 6 3 6 9 6 3 3 5 0 2 5 8 0 4 
1 2 4 3 8 3 4 5 9 8 3 5 1 2 8 7 
6 0 4 6 7 3 5 3 7 9 7 3 6 2 3 5 
3 4 3 6 5 3 0 8 2 4 8 5 4 7 6 6 
0 4 8 0 6 8 7 4 5 2 4 1 3 7 0 0 
7 8 4 2 8 5 0 2 8 4 1 0 4 8 9 2 
3 2 7 0 2 6 2 6 0 3 8 3 4 7 5 9 
9 9 9 1 8 3 5 3 9 9 0 1 7 1 8 7 
1 0 1 1 2 9 4 6 6 0 1 4 2 6 8 6 
6 6 6 9 4 7 5 6 7 6 5 9 5 8 9 7 
7 7 9 1 9 0 5 4 9 2 6 4 8 0 5 1 
6 0 1 2 2 8 6 0 0 0 7 6 1 7 8 4 
8 5 2 1 2 4 7 1 7 2 0 8 7 3 0 3 
0 6 1 5 4 4 3 0 4 6 3 5 1 7 8 9 
