1 5 9 4 1 9 7 0 0 4 7 1 3 8 8 2 
2 7 2 8 8 5 4 1 8 9 7 8 0 8 8 8 
8 9 8 7 0 5 7 6 4 9 1 5 9 4 7 5 
3 6 8 6 0 0 8 2 1 5 2 7 3 0 0 1 
4 6 1 4 5 1 1 7 9 5 1 3 8 4 2 6 
8 8 1 3 8 8 9 9 4 6 2 4 5 5 8 0 
8 6 9 8 2 8 9 4 0 9 3 6 5 9 8 9 
0 7 4 7 9 1 6 4 2 1 1 0 5 8 2 6 
2 9 6 5 6 4 9 5 5 5 5 4 2 4 0 5 
0 7 4 6 9 0 0 2 8 2 5 9 5 2 2 7 
9 4 4 3 9 6 0 2 9 4 7 1 6 9 6 5 
3 0 6 4 3 0 3 5 7 1 7 2 8 6 7 8 
3 3 1 2 2 0 9 8 2 8 2 7 0 5 0 9 
6 9 9 5 1 4 0 1 0 8 1 2 3 1 2 0 
7 7 6 9 3 7 4 3 3 9 5 0 4 1 9 8 
3 6 2 6 3 9 6 2 0 9 6 1 2 4 7 5 
