5 0 5 0 3 0 7 8 2 8 9 0 2 5 9 1 
2 3 5 2 5 9 5 9 8 0 3 3 5 0 6 5 
8 5 2 8 6 3 6 6 8 5 1 5 3 9 0 3 
9 5 6 9 3 6 3 4 3 8 9 4 3 8 4 7 
3 0 4 5 4 4 3 0 7 0 3 6 1 0 4 4 
4 0 0 4 4 6 8 2 1 0 3 5 9 6 7 9 
0 9 5 6 9 9 7 3 9 6 1 3 1 8 3 8 
6 3 7 3 3 3 9 1 6 7 8 3 2 3 8 1 
7 6 2 1 4 2 8 3 6 6 0 2 4 5 5 7 
7 8 6 3 9 3 2 2 4 5 9 6 5 6 7 5 
9 1 5 4 4 1 6 6 4 1 4 7 7 1 5 2 
6 4 8 9 9 9 7 0 9 7 3 0 5 8 6 4 
6 0 6 0 6 7 4 7 3 4 3 6 6 8 8 7 
0 7 1 8 8 3 9 5 1 8 0 2 5 7 2 7 
5 0 5 4 7 8 0 4 7 9 7 4 2 3 8 6 
3 3 6 2 0 5 9 9 8 1 4 8 4 6 7 0 
