6 5 3 5 8 0 5 1 7 8 1 2 0 3 3 7 
7 8 1 4 8 4 3 4 4 8 6 8 5 4 7 8 
0 3 9 1 8 9 7 8 3 8 7 1 5 3 1 6 
0 8 6 0 3 5 4 2 7 4 2 5 6 4 9 3 
3 5 6 7 1 8 7 1 5 1 5 5 8 0 1 9 
5 6 1 7 2 2 1 1 1 7 7 7 2 6 3 9 
6 7 5 0 9 9 8 1 0 3 5 1 1 5 8 9 
1 0 0 7 9 2 9 4 5 7 8 2 5 1 7 8 
7 7 5 6 1 9 3 7 9 3 7 7 7 4 9 4 
1 2 5 8 0 2 5 4 0 1 5 0 3 2 9 8 
9 6 8 8 6 3 0 9 4 0 2 1 2 4 8 5 
6 7 9 1 3 1 3 4 4 5 0 2 2 9 4 4 
1 4 0 8 6 4 7 9 3 0 3 6 9 8 3 9 
5 7 1 6 6 7 4 4 8 9 4 8 9 9 7 5 
0 6 1 6 1 3 9 2 3 1 0 8 6 7 9 0 
8 0 9 7 6 7 7 6 0 5 6 6 8 9 6 4 
