3 8 9 4 7 3 1 4 4 6 6 6 2 2 7 3 
6 1 9 4 0 1 6 3 0 8 5 3 1 0 0 3 
0 1 7 5 7 5 8 7 1 3 6 4 0 3 2 3 
4 8 5 7 9 1 8 6 4 5 4 0 4 1 6 8 
2 3 1 5 2 2 9 5 1 5 0 2 9 6 7 9 
4 0 3 9 3 7 7 4 5 1 0 4 6 8 5 6 
0 1 0 0 2 6 3 4 4 8 6 0 8 5 8 5 
0 6 2 2 3 4 6 7 9 7 9 6 6 3 2 6 
3 4 3 3 6 6 0 7 9 2 2 0 0 3 7 9 
6 4 5 4 4 4 5 6 8 5 0 3 2 9 8 2 
5 6 0 6 6 0 0 2 0 0 6 6 2 9 4 1 
3 4 3 6 5 7 1 8 0 6 1 3 3 0 7 2 
3 4 5 1 5 8 8 1 4 8 1 0 9 7 2 3 
3 0 4 4 5 5 5 4 5 3 8 4 1 4 1 5 
7 2 5 3 3 0 7 6 3 5 9 4 6 8 4 0 
1 8 6 2 1 4 1 2 5 8 6 7 8 5 4 5 
