6 0 5 2 4 4 6 1 4 2 5 8 7 0 8 0 
4 2 3 6 2 3 2 5 3 9 0 4 5 5 9 2 
5 4 7 4 7 7 1 5 2 9 5 2 8 5 6 5 
2 5 2 1 0 6 6 5 6 0 3 4 6 5 5 6 
2 2 7 0 0 4 9 5 3 6 8 1 0 1 8 1 
8 8 4 2 8 5 3 4 8 0 2 4 4 7 6 8 
1 2 8 9 4 8 8 0 4 2 9 4 1 1 0 4 
0 7 8 9 7 3 4 0 7 9 5 7 8 1 8 5 
3 7 3 8 5 7 7 2 9 6 7 1 0 2 8 3 
4 0 1 3 2 2 1 7 9 4 9 8 9 9 3 5 
5 3 2 1 2 2 3 8 0 9 4 3 5 2 7 1 
6 9 3 8 4 6 6 3 4 8 3 5 6 7 0 2 
7 2 3 0 3 2 2 2 9 7 9 1 9 5 6 8 
3 7 7 8 8 9 1 5 6 8 3 9 8 6 2 7 
6 1 1 9 5 6 2 4 8 3 3 9 2 8 9 5 
6 6 5 2 5 1 2 2 1 1 6 3 8 4 5 6 
