9 8 4 9 2 4 4 4 3 3 8 0 3 6 3 5 
9 3 4 1 6 8 5 3 9 9 2 2 2 6 3 1 
4 8 8 1 2 5 4 7 4 1 1 4 0 5 9 0 
3 5 9 5 0 4 8 4 3 8 3 8 6 3 7 1 
2 1 0 5 2 7 5 3 2 3 1 4 2 2 9 8 
7 0 9 9 0 9 5 1 5 6 9 5 5 5 2 4 
8 0 5 1 7 8 2 3 1 2 7 4 8 3 7 0 
0 8 2 5 4 9 5 0 9 3 7 2 4 9 6 2 
8 3 8 5 0 6 6 1 7 3 3 1 3 7 8 4 
5 0 2 7 9 3 1 3 9 0 6 1 7 1 6 1 
3 9 5 2 8 2 8 1 6 1 3 8 8 8 6 0 
8 9 5 9 6 3 7 1 8 1 8 7 4 3 0 3 
6 4 9 2 2 0 8 6 0 6 4 9 8 2 1 6 
2 1 1 1 8 6 7 9 8 4 5 3 6 3 7 2 
5 8 9 1 4 5 9 0 9 3 3 5 9 5 4 6 
5 5 0 5 6 3 8 2 0 7 0 5 5 9 5 1 
