3 6 5 1 1 4 5 1 2 5 5 8 6 5 4 4 
7 5 6 3 2 2 7 6 0 8 7 8 4 8 3 7 
3 4 9 0 3 4 3 1 1 5 5 6 3 4 9 7 
6 9 4 4 0 1 3 9 7 8 4 6 6 4 9 2 
9 5 4 7 9 7 2 4 2 2 6 7 7 0 7 5 
9 2 2 3 9 6 6 0 1 1 4 8 4 7 4 7 
0 8 4 0 8 4 2 8 0 2 0 0 2 2 8 9 
6 0 8 5 4 6 0 2 6 5 4 0 5 4 4 2 
0 4 9 3 4 5 9 9 0 3 2 0 3 3 6 3 
9 1 6 6 5 2 9 0 9 6 5 9 7 0 0 2 
0 3 8 4 0 7 5 4 3 7 1 7 1 9 0 5 
9 5 9 6 5 0 2 5 2 4 9 3 7 6 6 2 
2 2 3 1 2 9 0 0 4 6 9 1 6 9 1 8 
3 3 0 4 9 3 8 1 0 9 2 4 7 1 3 9 
1 2 6 9 5 7 9 4 6 9 4 6 3 0 1 4 
4 9 9 2 9 0 4 3 5 8 6 2 2 5 8 0 
