4 2 1 1 5 2 0 4 2 9 2 6 3 5 5 5 
9 9 7 5 1 9 3 0 6 9 2 8 3 1 8 6 
1 8 5 2 9 8 0 8 0 2 7 2 2 1 8 8 
9 9 7 6 1 3 7 5 8 2 4 4 1 9 7 3 
5 0 5 8 9 5 5 4 4 2 2 2 2 2 3 7 
6 5 3 0 2 3 4 9 4 2 3 7 1 0 6 1 
2 7 3 9 1 9 2 5 1 9 2 2 0 5 8 3 
6 0 1 5 3 7 4 0 6 1 2 0 0 9 4 8 
4 1 3 9 2 8 1 3 7 3 4 2 7 6 3 7 
4 6 5 9 3 7 3 6 1 9 0 0 6 0 5 0 
2 7 8 6 4 0 3 4 6 6 0 6 8 5 4 1 
6 2 4 8 9 2 2 7 9 7 7 8 8 7 6 8 
3 8 3 7 0 2 6 3 1 0 2 4 0 1 1 9 
4 6 3 0 8 6 1 2 4 5 8 3 6 9 0 4 
1 8 8 0 2 2 4 0 8 2 0 4 6 3 2 5 
1 6 9 2 9 5 9 0 4 8 7 7 3 0 1 0 
