4 1 3 1 4 3 7 6 7 0 3 0 4 8 0 9 
7 8 9 4 1 4 1 3 0 4 5 6 8 2 4 1 
4 1 0 7 1 2 3 8 0 3 5 1 1 5 8 7 
1 5 2 9 7 9 4 3 6 8 7 7 8 2 9 6 
6 6 5 1 0 4 6 3 4 8 1 0 1 6 1 3 
6 2 1 1 0 1 9 3 2 6 5 9 4 4 7 8 
7 6 7 2 3 4 1 6 0 1 9 6 2 6 1 9 
0 6 0 8 0 3 8 0 3 6 6 8 9 3 0 8 
2 7 3 2 1 9 6 8 6 4 5 3 5 3 8 6 
0 5 8 7 9 7 8 2 4 3 3 4 5 8 7 1 
6 0 3 9 6 5 7 8 7 0 9 2 1 8 3 1 
9 0 4 1 6 0 6 4 9 4 5 7 7 4 4 3 
2 1 9 9 6 2 5 3 2 7 7 5 6 0 6 7 
0 0 6 8 9 9 7 5 7 7 1 6 5 5 1 1 
9 0 2 8 6 7 9 7 2 8 7 4 0 4 6 5 
1 9 6 1 1 3 7 5 4 5 1 5 9 4 8 6 
