5 4 8 7 7 9 5 1 4 4 7 1 0 6 8 3 
1 3 6 6 7 7 0 2 1 6 7 4 7 5 0 2 
8 5 9 6 0 1 9 1 5 7 6 9 3 1 8 9 
0 6 5 6 7 0 3 1 3 8 7 6 8 7 5 7 
3 3 5 9 4 3 2 7 7 3 5 0 9 2 0 9 
0 9 1 1 2 6 1 1 4 5 6 3 8 8 2 8 
2 5 2 7 7 9 4 5 7 1 2 7 5 6 0 5 
0 1 8 2 3 1 0 4 3 4 6 0 8 4 9 2 
9 8 1 8 2 1 2 1 9 4 3 6 8 0 0 7 
3 2 9 6 7 6 9 7 0 9 2 4 6 9 6 7 
3 3 7 7 9 5 6 7 2 3 3 2 1 0 9 2 
3 9 3 8 1 3 9 6 0 1 3 3 1 9 7 3 
2 9 6 1 3 6 6 0 7 1 7 0 5 9 0 1 
9 9 4 6 2 4 3 1 8 7 7 2 5 7 6 2 
5 4 5 5 0 4 3 3 4 1 6 8 4 4 1 6 
7 7 3 7 9 7 8 4 0 8 0 4 4 9 7 1 
