6 7 7 1 9 5 4 8 2 4 7 0 4 8 5 3 
3 0 8 9 4 9 2 0 8 0 7 1 7 4 6 3 
5 3 8 6 1 4 1 2 5 8 3 4 8 3 9 7 
1 7 9 5 3 5 8 7 7 4 6 5 4 5 4 6 
1 9 0 4 4 3 1 2 4 4 7 6 4 9 0 6 
7 8 4 4 0 3 3 9 1 8 7 8 2 6 5 0 
1 4 7 1 4 1 9 0 6 3 2 0 5 4 5 3 
3 7 0 4 9 8 2 3 9 2 6 4 5 0 5 0 
3 8 3 4 9 6 0 2 6 5 9 0 5 8 4 7 
9 9 4 0 0 4 4 7 5 4 8 4 3 3 4 3 
8 5 4 1 3 8 0 1 4 8 0 7 9 7 8 0 
8 0 0 2 7 2 1 5 5 2 6 4 7 2 8 6 
7 3 1 0 9 4 7 0 2 2 2 3 9 8 0 9 
8 8 4 4 4 1 6 0 4 4 2 6 7 2 1 3 
5 4 3 2 7 4 0 0 5 1 7 2 0 7 2 7 
7 9 3 5 8 8 6 7 2 3 2 9 3 7 1 9 
