8 9 0 8 1 1 7 1 8 9 5 0 1 5 4 9 
2 5 0 6 2 0 2 5 7 8 8 9 9 6 2 4 
3 2 7 1 6 7 4 1 7 7 7 6 5 2 9 1 
4 1 5 5 5 4 8 2 3 6 6 1 9 5 3 8 
0 9 4 5 2 0 6 6 4 7 6 9 5 9 3 3 
9 8 6 5 2 8 0 5 6 1 9 3 3 5 7 4 
1 6 3 1 1 7 1 3 8 9 1 9 1 0 2 4 
2 4 8 6 9 5 4 9 2 9 1 8 1 1 7 7 
2 8 2 5 1 9 7 2 8 1 0 6 9 6 4 4 
9 3 3 7 4 5 2 9 6 8 0 1 2 9 5 2 
9 5 9 5 4 5 1 8 4 4 9 7 6 2 7 4 
7 3 7 1 1 1 2 3 9 7 3 9 7 4 3 7 
3 2 0 1 2 4 8 0 4 6 1 6 7 6 7 5 
3 2 5 7 6 2 9 0 2 2 6 6 8 9 1 5 
0 5 1 9 1 4 0 4 1 6 3 5 8 9 1 3 
4 7 3 1 9 1 9 5 1 7 6 8 2 5 4 9 
