1 0 5 1 4 2 4 2 0 4 4 8 3 1 5 4 
0 1 9 6 1 8 8 0 2 4 7 9 4 4 0 2 
8 5 0 7 2 5 2 0 5 2 7 2 7 5 1 1 
6 8 4 3 7 9 9 6 9 7 9 9 1 4 8 8 
4 1 1 0 2 4 3 2 3 3 0 8 9 0 3 2 
2 0 1 3 2 1 3 8 1 8 9 2 7 5 8 0 
7 4 4 2 6 2 3 3 4 5 2 6 6 3 6 0 
3 7 3 6 4 4 4 2 1 7 5 2 7 5 5 2 
2 2 2 6 8 3 3 6 7 2 0 1 1 6 5 4 
4 7 2 9 9 1 1 1 8 6 9 0 7 8 1 0 
9 3 3 8 2 6 0 9 4 0 4 9 8 4 0 8 
2 6 3 7 1 5 9 8 9 6 8 0 2 6 0 6 
8 3 6 6 0 0 8 3 9 8 4 0 4 2 6 5 
4 8 8 2 4 8 2 1 7 1 9 5 1 0 9 3 
8 1 0 3 0 4 3 1 1 2 8 5 5 7 2 0 
8 6 3 6 2 1 9 1 4 7 2 5 6 6 1 4 
