1 4 8 6 1 8 5 5 9 9 8 1 6 8 0 8 
7 2 9 0 4 8 2 1 2 2 0 4 7 6 6 9 
6 4 0 2 3 9 6 7 7 8 4 1 0 8 5 6 
1 8 5 1 9 9 4 3 6 3 3 3 0 1 0 2 
4 1 4 5 6 0 4 0 9 3 1 6 8 5 1 8 
5 5 2 4 7 5 3 3 3 9 7 2 5 1 3 6 
8 7 7 9 9 4 2 7 6 4 9 0 1 5 0 0 
4 0 8 9 1 7 2 1 2 5 1 7 7 6 3 8 
4 2 7 4 0 3 7 0 7 2 9 4 3 8 1 7 
9 5 1 0 7 4 5 3 0 5 1 5 6 3 5 6 
6 8 4 3 5 4 5 0 3 8 4 4 9 5 8 2 
7 6 7 2 3 3 2 1 5 5 9 9 5 5 6 9 
7 5 9 4 4 4 8 0 5 6 4 4 1 8 2 5 
9 8 8 7 3 0 1 2 1 9 8 0 5 1 2 6 
3 2 0 9 7 7 2 4 6 4 1 7 7 6 8 4 
4 7 7 3 9 6 1 0 7 1 9 6 2 8 6 9 
