7 2 8 0 2 5 1 3 3 4 1 3 7 7 3 2 
0 8 8 6 0 0 6 4 0 5 6 6 4 5 5 6 
9 3 0 5 6 6 5 1 9 7 0 3 7 1 4 0 
4 7 9 1 9 6 8 8 8 8 5 1 3 4 9 6 
8 9 2 8 6 2 7 4 1 5 5 5 6 2 7 4 
7 7 7 6 9 3 1 4 2 8 6 4 8 3 4 4 
8 7 8 3 3 1 5 9 3 5 7 0 3 6 6 7 
3 7 5 7 6 3 3 0 9 8 0 4 6 1 6 6 
7 6 7 0 2 2 2 0 3 8 8 3 9 6 1 5 
6 7 9 1 3 2 6 8 5 1 2 9 7 6 9 1 
5 3 8 8 6 1 8 7 3 8 9 1 3 5 4 5 
4 4 0 4 2 9 2 2 8 9 3 5 0 6 4 4 
8 9 1 4 8 2 6 9 3 4 7 3 6 8 8 2 
1 3 9 1 6 3 4 6 0 5 9 4 9 3 9 1 
1 7 8 1 7 1 3 2 1 7 6 5 1 6 2 4 
5 7 0 1 7 7 8 2 7 9 2 9 1 8 7 8 
