4 9 8 4 9 2 1 9 8 8 2 9 8 9 5 7 
9 1 1 6 8 8 7 1 1 2 6 6 2 1 2 0 
6 7 0 3 7 7 1 0 4 4 0 0 4 2 8 2 
0 4 4 3 5 2 0 5 3 5 3 1 8 8 1 2 
5 2 2 5 4 8 1 3 0 3 4 6 6 7 9 0 
8 7 7 9 7 8 6 8 9 1 2 4 2 8 1 8 
5 3 8 0 0 5 9 4 3 8 4 0 3 0 2 9 
5 0 2 9 3 4 0 2 7 1 8 6 7 3 6 0 
3 8 7 1 0 2 4 0 8 2 5 0 3 9 7 2 
7 6 4 8 2 0 6 3 1 8 5 0 2 8 4 0 
7 9 0 7 4 3 3 1 8 9 6 9 5 0 8 5 
6 2 0 6 7 9 6 9 3 7 9 3 2 4 8 5 
0 2 8 5 3 9 1 2 1 8 8 8 4 6 0 8 
7 7 4 8 1 8 9 6 9 5 9 6 5 1 3 8 
0 4 7 9 4 7 9 1 3 4 8 4 7 3 8 7 
0 6 2 9 3 7 4 9 3 8 4 9 9 0 7 1 
