6 8 1 4 4 7 9 3 4 8 9 3 6 2 6 0 
0 7 3 5 0 0 8 0 2 2 9 5 1 0 1 2 
8 0 4 7 5 8 3 9 8 5 2 7 4 0 2 4 
4 3 1 4 3 9 5 5 5 8 2 2 1 8 3 4 
5 7 4 8 8 5 1 6 7 2 3 9 0 1 0 0 
6 5 4 4 3 3 4 2 6 2 1 9 4 9 4 8 
6 1 6 2 7 2 7 5 8 1 7 4 7 8 6 7 
8 3 3 3 8 1 3 2 4 5 2 6 0 0 5 0 
3 9 4 2 8 3 7 0 4 5 9 4 9 8 7 7 
3 7 4 8 0 1 2 2 8 5 9 7 1 3 3 0 
1 7 2 5 3 2 6 0 8 0 3 1 3 1 6 1 
3 4 1 3 3 3 8 5 7 7 1 1 7 1 6 4 
5 8 0 2 3 6 2 8 3 4 3 4 9 5 0 6 
7 0 1 8 0 4 8 0 1 5 3 4 3 9 2 7 
0 5 8 6 6 7 0 1 8 9 5 5 6 2 9 5 
1 2 1 4 6 7 8 1 5 9 3 4 3 0 0 8 
