5 6 4 6 8 0 8 7 2 6 9 2 0 9 9 2 
8 1 4 5 3 5 7 1 6 6 8 7 6 1 9 1 
4 6 4 2 7 0 8 7 5 3 9 2 1 5 3 4 
7 8 0 0 0 2 4 0 5 0 3 5 6 5 3 2 
1 8 6 3 2 5 8 0 0 2 1 6 8 5 5 7 
2 0 2 6 2 9 2 6 4 0 8 3 0 8 4 4 
1 0 8 6 4 2 4 0 7 2 6 9 6 7 8 5 
0 1 7 2 7 2 0 5 8 6 1 6 4 1 7 3 
8 8 4 4 1 6 7 7 7 4 9 7 4 9 9 5 
1 2 5 6 8 0 2 5 5 7 3 9 7 9 2 2 
9 6 6 9 0 7 9 1 8 3 2 7 5 2 8 3 
2 9 7 4 4 1 2 9 9 0 5 2 5 0 7 5 
4 0 3 3 7 6 8 7 2 2 6 4 6 8 9 5 
1 4 6 1 5 2 0 6 0 0 3 2 1 1 5 4 
6 1 4 2 5 5 8 0 9 5 6 2 0 8 3 0 
3 1 0 6 7 6 5 3 4 8 4 4 9 0 6 6 
