3 9 0 1 5 7 1 4 7 5 6 7 2 3 4 8 
4 9 0 7 1 6 2 8 6 3 3 1 8 0 2 5 
9 7 1 6 3 5 7 9 6 7 9 8 8 1 5 2 
2 2 9 3 0 7 2 4 6 2 5 1 1 0 6 8 
1 4 9 3 2 3 3 1 2 1 9 3 9 3 3 2 
3 2 4 9 7 1 6 0 9 9 0 6 0 7 6 1 
6 4 0 8 4 2 4 3 2 0 2 2 4 1 6 9 
2 3 9 4 6 2 5 1 6 4 6 4 3 8 8 7 
9 4 1 8 3 4 8 9 7 2 4 3 1 8 5 5 
1 7 8 0 7 1 2 8 2 5 9 6 5 8 9 1 
9 2 9 9 4 4 6 2 1 1 0 0 7 5 5 5 
6 1 6 1 8 3 1 7 0 2 1 4 2 0 6 5 
9 2 4 7 4 7 3 5 9 1 6 2 4 7 4 8 
4 1 3 1 2 6 6 7 5 1 9 2 5 0 6 0 
9 0 0 8 7 0 1 0 3 2 1 8 7 1 1 0 
4 9 5 6 9 3 8 3 0 0 9 4 2 7 6 1 
