8 0 0 8 8 3 1 2 1 8 1 9 0 3 8 7 
1 2 0 2 8 4 7 1 4 8 4 9 6 0 0 7 
9 2 0 8 8 4 9 0 0 7 9 2 8 7 4 5 
9 6 0 9 3 3 9 8 3 3 9 0 4 6 2 1 
6 2 2 4 9 5 1 5 4 2 4 3 9 7 0 3 
7 9 1 3 5 6 7 8 6 9 5 3 7 3 1 6 
7 3 0 7 1 8 7 5 5 7 3 1 6 3 1 9 
5 4 4 2 7 2 6 9 5 7 3 0 3 7 0 8 
7 8 8 0 3 5 2 2 7 0 8 5 6 0 0 1 
8 6 9 1 1 0 4 0 6 4 4 2 7 7 0 5 
4 7 5 4 7 1 4 7 7 9 1 0 6 8 8 5 
6 4 0 9 0 4 9 5 7 6 6 2 5 3 1 7 
3 1 4 7 2 8 2 6 2 6 3 7 4 5 2 2 
0 9 6 8 2 7 4 6 4 0 5 3 1 3 5 9 
6 9 5 5 3 2 4 7 2 8 1 4 0 0 3 7 
6 2 7 3 6 5 6 9 5 9 7 2 0 6 5 8 
