5 5 4 1 5 5 9 3 2 0 5 8 9 1 9 0 
7 1 2 1 6 3 7 5 7 6 5 0 4 2 9 0 
0 6 0 6 7 8 3 9 5 6 5 8 8 3 2 8 
9 2 3 6 2 6 2 2 2 7 9 6 7 8 2 5 
1 3 5 5 3 9 6 5 3 2 3 6 4 5 1 0 
9 6 6 7 9 7 6 1 1 2 3 2 0 6 8 3 
0 0 1 9 9 1 6 1 5 5 6 1 4 2 1 0 
7 6 1 9 0 1 4 6 0 2 7 4 2 8 7 3 
0 0 4 0 6 8 7 7 2 1 8 5 7 8 5 3 
8 7 5 0 7 0 2 1 1 2 9 8 1 2 3 1 
2 2 8 6 5 8 4 3 0 5 2 1 6 5 8 3 
5 4 9 3 5 8 6 5 7 7 5 9 0 4 5 1 
6 3 7 4 1 3 0 1 4 9 6 0 6 4 6 2 
2 9 1 5 2 3 7 8 0 6 5 7 3 8 5 6 
7 8 1 1 5 5 9 4 8 6 6 8 2 3 1 5 
2 3 7 0 5 4 7 4 3 2 4 4 9 9 2 2 
