4 2 7 8 4 0 2 0 0 7 6 4 9 6 6 4 
5 5 2 8 1 0 8 5 0 7 7 8 5 2 5 3 
0 8 2 6 2 5 8 0 2 5 2 7 8 8 0 8 
2 2 0 9 9 1 9 0 2 1 3 7 7 0 8 6 
2 2 8 9 3 1 0 7 5 1 7 6 5 0 0 1 
7 8 3 6 4 7 5 9 6 2 4 3 8 0 0 9 
6 2 8 5 3 8 0 4 0 5 5 9 6 6 6 4 
1 9 9 6 0 7 3 5 5 3 7 3 8 5 9 2 
7 6 8 3 0 3 7 8 1 7 5 9 1 7 7 5 
9 5 6 1 9 4 3 4 0 5 4 0 1 9 7 2 
6 6 5 5 8 4 5 3 4 9 0 3 8 0 4 2 
0 7 5 5 2 9 1 0 2 7 1 9 9 3 1 0 
5 5 7 7 4 6 2 8 8 0 8 5 9 7 9 6 
4 3 3 8 5 2 0 0 1 1 6 7 7 8 3 1 
4 3 4 1 2 8 2 8 5 8 4 2 4 1 3 8 
2 7 8 2 5 2 1 5 5 6 5 5 8 0 6 8 
