3 9 0 9 5 3 3 2 0 5 3 5 2 7 3 7 
9 5 6 9 0 5 2 8 6 7 4 5 9 3 7 7 
9 5 0 7 2 3 4 3 3 3 2 9 5 4 1 6 
8 9 7 2 3 1 3 3 6 2 7 5 6 6 3 4 
1 1 8 2 6 8 3 4 0 0 8 0 4 7 6 7 
2 0 5 3 1 9 7 9 1 7 4 6 6 3 0 9 
7 7 6 2 3 9 7 8 8 5 6 8 1 9 2 4 
2 8 0 2 9 5 5 0 7 5 3 6 2 8 7 5 
5 3 5 4 6 4 4 3 0 1 5 9 0 3 0 5 
5 8 7 6 3 6 2 2 1 9 2 5 9 7 0 1 
8 0 3 8 9 8 3 0 0 8 7 1 7 6 8 1 
4 8 3 2 2 6 4 6 5 7 5 6 7 8 5 4 
0 6 8 5 3 2 2 2 1 6 1 5 6 4 8 5 
8 0 0 4 4 8 1 3 0 4 0 9 0 1 5 3 
5 3 9 9 0 0 4 3 1 3 7 1 4 8 0 0 
1 6 0 6 8 0 1 2 3 0 5 6 4 3 5 0 
