0 7 1 4 4 8 7 7 1 6 6 4 2 1 8 4 
3 9 4 7 4 9 0 0 9 0 4 1 0 5 7 5 
6 2 1 6 8 5 6 3 0 4 7 4 3 9 8 3 
7 2 1 5 9 9 8 0 6 8 9 8 6 3 0 6 
9 2 2 9 7 3 6 0 8 5 6 7 3 8 7 6 
3 9 1 6 9 3 9 5 6 4 2 6 4 2 4 9 
0 0 7 5 7 5 2 5 1 1 2 0 8 6 7 6 
1 2 6 8 4 0 1 4 4 8 5 8 8 7 3 0 
0 7 8 5 9 7 2 5 4 1 7 1 0 3 9 4 
9 3 8 3 0 7 8 5 9 1 2 1 6 0 6 9 
6 3 8 5 9 8 9 4 3 5 9 4 3 7 9 8 
6 0 5 7 1 4 0 2 8 6 5 7 4 6 2 9 
1 8 3 0 0 5 6 9 9 7 5 6 1 7 9 0 
2 5 1 8 1 2 1 5 4 3 6 2 0 5 7 7 
0 5 7 8 4 1 5 7 2 9 6 5 6 3 1 9 
4 6 6 1 7 7 1 3 9 2 6 2 8 3 5 6 
