1 0 7 1 7 7 8 6 6 5 8 6 6 4 6 0 
7 3 0 4 0 1 8 8 9 2 6 5 3 9 5 7 
1 6 1 3 1 2 8 3 9 6 0 8 4 3 2 0 
7 7 6 4 4 4 0 4 9 2 9 9 3 2 7 2 
6 5 1 9 8 2 6 7 8 5 6 5 8 5 8 8 
4 3 7 5 9 2 7 2 5 9 2 8 0 6 0 1 
8 2 0 4 6 0 6 5 9 2 2 1 8 1 2 1 
7 3 4 5 5 4 2 8 9 0 0 3 8 2 0 2 
6 5 6 4 1 3 9 6 4 4 1 3 8 6 4 8 
1 2 9 1 2 2 4 2 0 3 3 6 3 1 1 6 
4 4 5 3 5 8 0 8 6 2 0 0 0 6 0 4 
5 4 5 7 0 9 4 6 8 5 3 3 7 5 8 2 
5 5 2 7 9 6 3 6 4 2 9 6 8 6 4 5 
0 5 0 2 7 0 1 1 4 5 1 5 4 9 4 3 
3 0 8 4 9 6 1 1 4 0 4 9 4 3 6 0 
3 4 8 6 5 8 0 1 4 0 0 2 6 5 1 0 
