2 4 8 9 9 6 6 5 1 2 8 0 9 6 3 9 
7 2 3 1 9 2 2 8 9 3 8 5 1 5 6 0 
1 9 2 1 3 6 0 6 1 1 8 9 3 1 8 3 
2 0 1 0 1 3 9 6 6 6 3 2 4 0 8 4 
5 6 8 5 9 4 6 0 0 3 3 3 6 0 9 8 
4 0 5 4 2 1 9 6 8 1 4 9 6 6 7 3 
8 1 5 6 1 9 9 8 9 4 7 3 6 2 0 8 
9 2 1 5 2 4 6 5 8 9 1 0 5 8 1 9 
9 4 4 7 5 6 0 3 7 7 1 0 5 2 9 5 
1 4 5 3 3 1 7 6 4 6 7 7 0 9 9 3 
7 8 8 6 3 6 8 7 5 2 4 7 1 2 1 8 
3 5 5 5 7 7 3 0 4 8 5 4 9 2 3 0 
3 9 0 8 8 3 9 7 6 7 6 6 5 3 3 8 
1 5 7 9 2 8 6 2 3 1 9 8 7 2 8 6 
9 1 1 8 0 2 9 2 4 2 3 1 7 2 5 8 
5 6 1 9 9 1 4 4 6 9 3 7 9 2 1 4 
