3 5 3 7 2 3 3 7 1 4 9 8 4 4 4 5 
3 3 2 1 1 2 2 2 1 2 9 5 4 2 3 9 
7 0 1 9 2 6 0 0 7 3 3 3 0 1 1 7 
1 9 1 6 8 5 6 3 3 0 9 9 2 6 2 3 
7 9 1 1 0 1 7 0 9 2 6 2 7 1 5 2 
9 6 6 7 2 0 0 3 4 2 6 6 2 0 4 3 
3 9 1 0 9 0 4 4 9 2 7 1 9 8 9 8 
6 1 0 2 5 1 2 3 7 6 9 8 1 0 1 6 
5 1 1 8 6 3 3 4 4 1 9 1 0 8 9 2 
5 3 8 7 4 0 5 2 4 8 1 4 4 8 1 8 
9 1 4 0 4 8 3 2 8 3 2 3 5 8 9 6 
2 5 8 6 2 9 9 6 9 0 1 3 8 1 1 5 
7 4 6 7 0 9 5 7 5 1 7 9 1 8 4 1 
9 4 7 2 0 9 9 3 4 5 4 8 1 5 7 4 
1 3 6 3 3 1 1 1 5 3 7 2 9 6 2 9 
9 1 5 8 0 2 1 5 9 2 9 1 0 2 9 7 
