8 6 0 3 5 1 6 7 3 3 3 5 8 7 5 8 
0 9 9 0 5 0 5 9 0 0 7 1 9 0 8 8 
5 6 5 8 0 8 2 8 9 0 1 0 3 8 8 5 
0 5 6 2 5 3 4 4 5 1 3 8 4 0 2 0 
0 8 8 3 0 0 8 1 5 6 4 7 8 1 8 5 
4 2 6 0 1 5 1 9 6 1 3 4 5 6 2 7 
2 5 6 5 3 7 0 9 3 9 9 4 4 3 1 0 
3 0 0 4 7 0 6 6 4 9 7 4 4 1 2 3 
4 4 5 6 7 1 3 8 2 0 9 8 2 2 5 3 
2 1 1 6 8 1 7 2 7 9 0 5 0 7 2 4 
6 1 7 4 2 6 6 4 2 8 9 4 9 3 7 0 
3 8 0 6 3 4 0 0 8 7 7 1 7 2 9 8 
5 9 2 2 1 1 3 2 0 6 5 5 2 2 3 0 
1 8 7 8 7 3 1 8 8 3 8 9 6 0 8 7 
4 1 8 0 7 0 8 0 8 9 3 6 2 7 0 7 
5 3 4 8 8 8 1 6 5 0 7 4 4 3 7 2 
