5 7 7 2 0 3 6 3 5 0 0 8 7 9 9 4 
1 7 1 8 7 9 0 2 7 4 8 6 7 7 8 9 
4 3 8 3 0 4 5 7 1 2 3 0 6 7 6 4 
0 7 9 2 1 4 4 1 1 1 7 5 7 0 1 9 
6 4 6 0 0 4 6 8 3 1 9 2 6 8 8 0 
5 1 5 7 8 1 4 4 0 0 4 5 2 6 0 1 
0 9 8 0 8 4 6 4 0 9 5 2 4 1 1 3 
1 5 3 7 0 1 8 4 0 4 3 4 4 9 0 4 
1 9 1 3 0 1 5 0 5 2 2 9 6 7 4 5 
5 9 7 4 5 2 6 9 4 1 8 3 5 0 3 0 
2 1 2 3 2 4 1 0 7 1 2 3 1 1 2 0 
6 9 7 0 4 3 8 8 7 6 8 4 7 9 3 3 
2 7 0 8 2 0 9 3 3 8 9 0 7 7 3 7 
6 0 7 9 2 1 0 4 0 4 0 4 1 2 0 6 
0 6 0 1 0 1 8 9 8 5 5 3 0 0 3 9 
9 4 3 6 5 5 3 6 8 9 8 7 9 5 2 5 
