4 8 3 6 0 7 6 0 6 1 6 3 5 5 3 4 
2 9 3 2 0 2 5 7 0 9 0 0 5 2 5 3 
5 4 8 2 7 1 1 5 7 3 0 7 9 7 9 3 
1 3 8 6 1 8 2 5 5 3 4 2 3 8 7 1 
3 6 5 5 4 3 3 3 0 7 6 6 4 6 1 4 
3 6 3 3 1 2 7 3 7 2 0 5 5 1 8 7 
2 6 5 0 3 2 0 4 6 6 1 8 6 7 3 0 
7 0 8 3 8 0 9 5 3 3 3 3 5 9 5 3 
9 4 8 3 9 5 1 7 3 5 3 9 0 4 7 4 
0 1 5 6 1 7 6 7 8 0 3 4 8 5 3 8 
7 2 9 8 6 2 3 1 1 0 8 5 9 1 2 0 
8 5 0 8 0 4 0 1 5 9 7 4 4 5 6 7 
1 1 4 5 2 6 8 9 1 1 9 3 7 0 8 9 
4 7 8 9 8 0 5 3 7 9 7 6 6 8 5 0 
0 5 7 5 8 6 1 2 1 1 4 0 9 7 0 2 
6 1 6 6 9 8 3 7 5 1 9 9 2 9 7 0 
