7 7 2 1 0 1 9 6 0 4 7 2 6 0 9 0 
1 5 2 1 1 6 7 1 2 7 4 8 1 3 8 0 
3 4 2 2 6 8 3 3 2 5 2 8 8 3 0 9 
4 9 9 4 8 2 0 3 5 8 7 7 2 5 6 6 
9 3 5 0 6 1 1 3 9 1 8 8 3 4 3 6 
2 5 0 4 8 0 8 5 1 1 3 6 2 7 7 9 
0 8 6 7 0 1 4 5 6 8 8 9 6 8 0 0 
8 7 1 7 9 9 9 4 7 3 4 9 9 3 1 7 
3 9 8 5 0 7 5 8 6 3 4 1 7 4 9 2 
5 9 5 8 3 8 4 5 0 0 0 4 3 4 9 1 
5 9 1 4 8 9 9 1 6 8 0 2 5 5 9 2 
7 0 4 5 4 6 6 3 3 2 8 7 1 9 1 8 
5 2 4 7 8 0 2 2 7 9 7 9 4 3 5 0 
2 2 1 8 1 2 7 5 4 5 2 9 3 6 0 2 
3 6 1 4 4 3 0 5 9 8 4 2 1 5 3 6 
7 1 8 1 7 7 5 1 9 7 0 3 0 8 9 6 
