9 8 6 3 8 0 7 0 1 8 8 2 2 8 2 0 
8 3 3 1 2 2 2 9 5 0 9 0 9 5 7 3 
8 6 3 7 0 8 2 2 9 1 8 4 5 1 0 9 
2 9 3 4 6 5 2 7 3 0 0 9 2 2 8 7 
7 7 6 6 3 6 5 2 3 6 4 0 7 3 8 2 
0 6 0 2 2 2 3 9 9 8 4 2 8 9 6 5 
9 5 5 4 7 1 2 1 4 6 6 0 2 1 0 5 
0 4 5 4 0 6 0 9 4 8 5 8 3 5 3 7 
5 5 8 3 3 3 5 6 6 3 6 8 0 9 6 8 
1 9 3 2 8 4 0 0 3 9 6 0 1 7 5 6 
1 3 6 8 4 7 7 2 6 4 5 5 9 4 5 5 
2 1 4 4 2 0 2 1 0 5 5 2 8 7 2 8 
6 2 1 5 2 4 7 5 0 5 0 7 3 5 0 5 
6 3 6 0 0 9 2 1 7 0 7 6 8 0 2 1 
6 5 7 4 3 4 2 3 1 4 1 6 4 0 7 3 
6 3 5 6 0 3 4 1 2 6 8 6 7 3 7 8 
