4 6 2 7 0 0 8 5 5 5 0 4 3 6 8 4 
6 3 9 7 6 4 9 4 5 3 9 0 2 8 7 8 
4 5 7 4 2 3 6 4 1 4 8 3 7 8 2 3 
3 0 3 9 8 6 9 8 1 1 0 2 0 8 8 9 
3 0 2 1 0 3 1 9 7 7 7 0 4 7 6 0 
8 1 1 5 8 9 5 1 4 3 6 2 3 7 1 0 
5 6 9 9 6 0 6 4 2 3 5 1 0 0 5 1 
2 8 7 6 1 5 0 9 1 1 6 9 3 8 5 8 
7 5 2 6 0 5 3 9 9 9 4 7 8 7 5 7 
9 2 2 3 8 3 1 3 0 2 9 9 5 9 4 3 
9 0 0 8 2 1 6 3 4 9 9 5 1 5 4 6 
6 5 6 0 6 1 0 5 7 1 1 7 5 7 3 4 
4 9 6 5 1 6 4 3 6 4 1 1 9 9 7 9 
1 1 2 3 6 3 1 6 4 7 7 8 2 9 5 9 
0 3 6 2 5 0 2 7 6 9 2 0 2 5 6 0 
8 3 8 9 1 9 8 6 7 1 3 2 5 5 9 6 
