1 6 3 3 3 2 1 8 3 0 8 8 3 1 7 4 
4 7 4 1 1 7 1 9 8 0 2 5 0 9 2 1 
5 5 5 3 7 0 6 9 2 4 2 2 0 6 3 3 
7 1 1 6 8 0 1 1 5 6 1 7 2 7 2 7 
1 3 1 5 6 1 0 5 6 5 5 8 7 5 1 4 
6 9 3 9 5 7 5 7 8 5 5 5 2 2 3 4 
6 3 2 3 5 6 2 4 0 4 2 1 0 8 3 1 
4 2 2 5 5 1 9 5 8 4 1 7 8 2 8 7 
5 9 0 6 0 9 7 7 6 9 8 0 4 1 6 3 
2 9 8 6 3 3 7 1 3 8 2 6 3 1 5 8 
0 6 7 9 1 6 1 7 6 8 3 1 4 1 4 8 
4 8 3 7 0 6 6 7 8 4 0 7 9 2 6 5 
5 5 2 7 1 8 2 7 2 1 7 4 7 8 5 2 
2 6 9 1 9 5 9 3 2 5 8 0 6 3 3 6 
6 4 2 4 2 4 6 5 7 9 7 4 3 1 6 4 
3 8 9 3 3 8 6 2 9 3 7 4 1 4 1 4 
