1 3 8 5 9 2 1 4 8 4 8 8 7 7 5 0 
5 0 6 3 0 5 9 5 1 4 5 6 2 3 9 5 
2 7 9 4 3 5 8 9 6 0 9 1 9 1 4 9 
3 8 5 0 6 5 1 2 2 9 2 0 1 9 4 9 
3 1 8 8 7 5 6 3 6 0 0 4 1 5 6 9 
9 2 8 3 6 7 2 6 0 1 7 8 8 7 7 0 
9 2 8 9 1 5 3 1 2 2 6 4 6 0 6 4 
1 1 9 5 5 2 9 9 3 6 2 5 7 3 5 6 
5 1 7 3 5 6 4 5 2 2 1 3 2 7 6 7 
0 6 5 8 3 6 7 5 2 6 1 9 1 8 3 0 
6 4 9 2 8 4 4 4 9 0 4 1 6 0 8 1 
4 1 2 3 7 0 0 8 3 1 2 4 6 5 3 6 
5 7 6 8 8 6 3 3 0 0 1 2 2 6 3 1 
0 0 1 8 2 9 2 0 9 9 2 9 0 6 5 4 
3 5 7 2 4 5 6 3 0 8 0 1 7 6 4 8 
6 0 9 9 2 9 2 9 0 1 0 6 3 2 8 3 
