2 7 6 6 6 3 4 5 5 9 1 7 0 5 3 1 
5 7 9 9 2 3 1 8 5 2 9 2 1 7 9 8 
7 9 6 1 7 3 7 7 0 5 7 2 9 2 0 5 
6 0 3 3 7 8 5 7 8 6 7 7 6 8 0 4 
1 9 8 0 3 9 9 9 8 2 7 5 8 9 6 2 
5 7 4 6 1 0 4 6 4 8 3 6 7 5 1 3 
8 4 3 6 8 9 8 5 5 7 0 5 6 8 2 4 
9 9 0 5 5 4 7 0 2 1 3 6 6 5 4 9 
8 2 9 2 5 6 8 9 6 2 4 6 4 6 7 5 
2 7 2 9 4 3 6 7 4 2 3 2 0 9 1 0 
2 0 9 0 6 6 1 5 7 4 9 9 7 1 5 5 
9 3 8 4 6 5 3 3 5 9 0 8 8 3 4 7 
7 7 4 4 5 3 2 3 1 4 3 3 2 6 6 1 
8 6 0 3 0 9 5 7 5 3 3 1 1 4 1 4 
5 0 4 3 5 5 7 8 8 9 8 4 7 3 3 3 
1 6 4 3 6 4 2 9 5 3 2 4 4 2 0 9 
