6 7 6 5 3 9 1 1 5 9 7 4 3 6 9 6 
4 9 1 2 2 9 7 4 3 9 1 1 0 2 3 1 
7 3 7 2 7 0 5 9 6 6 1 8 5 4 1 3 
4 2 7 0 7 2 2 2 9 3 3 5 2 5 2 3 
0 6 8 9 4 1 0 8 1 5 6 4 8 0 1 7 
6 2 9 4 4 9 9 4 3 5 5 2 7 6 9 0 
6 8 9 1 5 8 4 1 0 3 8 8 6 2 3 8 
0 6 0 2 0 3 8 8 3 0 4 5 4 0 4 6 
9 4 5 7 9 3 4 5 9 7 8 8 4 7 0 0 
0 4 0 1 3 5 8 6 0 3 9 9 0 7 2 1 
7 7 7 7 1 6 6 7 8 0 4 3 2 3 8 6 
2 2 4 0 2 2 2 0 9 6 0 0 6 1 7 0 
2 0 9 8 2 3 6 7 0 3 3 4 1 3 5 0 
8 3 5 3 0 0 6 5 6 6 1 3 9 5 9 6 
2 6 5 7 9 3 1 3 4 9 8 0 7 5 2 8 
2 7 5 1 0 6 4 3 2 0 6 7 5 7 3 6 
