3 4 0 4 4 7 1 4 5 1 3 0 8 6 3 2 
0 4 2 0 1 2 8 8 7 0 2 0 5 4 7 5 
0 2 9 2 8 4 4 2 8 3 4 9 6 9 7 2 
9 6 2 8 6 4 5 8 3 9 4 7 1 7 2 8 
8 4 7 8 7 4 9 1 3 5 0 5 7 7 9 1 
9 0 3 0 1 0 4 4 7 7 3 6 0 9 6 8 
3 9 0 2 4 4 0 6 1 7 0 6 7 8 9 5 
4 4 4 1 8 8 9 1 6 2 8 7 2 7 1 4 
6 6 1 9 0 5 5 0 8 5 0 4 8 3 9 3 
8 0 5 9 7 5 9 8 5 0 6 7 8 8 0 9 
3 0 3 3 4 9 2 4 9 5 1 2 5 4 2 9 
8 2 2 2 4 4 3 0 0 6 4 0 8 3 8 4 
1 8 6 2 7 3 7 8 9 6 2 7 6 4 7 7 
7 5 2 0 5 5 4 1 5 4 7 2 7 4 7 9 
5 4 4 9 7 8 4 2 9 0 5 7 0 2 5 5 
0 3 8 6 8 3 4 0 3 0 0 4 1 4 0 7 
