4 3 5 9 0 5 0 9 5 1 6 1 4 7 2 7 
4 1 6 4 0 3 3 4 6 5 9 9 4 2 0 4 
6 8 0 9 9 2 3 4 4 0 6 8 1 2 7 2 
7 6 9 2 7 8 8 9 3 2 4 4 7 0 3 5 
7 4 7 8 0 8 3 7 5 7 7 8 3 6 1 5 
0 7 7 7 3 4 7 5 9 0 9 5 4 2 6 6 
2 3 2 0 5 1 6 9 4 2 0 6 9 7 4 5 
7 5 3 6 5 3 8 7 2 5 0 9 8 8 3 3 
3 4 6 2 7 1 8 5 7 8 6 0 7 0 7 6 
7 4 3 6 9 9 1 4 3 6 1 9 5 7 1 0 
9 0 0 5 3 2 4 6 8 3 5 3 7 5 6 6 
7 7 6 3 3 1 8 2 3 1 8 7 8 1 1 1 
9 5 8 3 0 1 4 0 2 9 3 2 4 2 8 8 
5 1 1 5 2 5 7 5 4 7 5 4 9 4 7 4 
3 6 0 7 6 0 0 3 1 6 1 3 2 7 5 0 
0 7 8 9 8 7 9 1 7 8 0 5 1 4 3 6 
