6 4 4 6 4 2 7 7 0 5 3 3 6 5 9 3 
2 5 0 3 4 2 1 9 2 7 2 7 9 3 7 7 
6 8 8 3 8 2 9 0 7 8 7 9 3 6 7 4 
7 2 8 2 9 3 0 0 2 5 4 9 5 2 9 4 
6 0 6 1 2 7 1 1 6 3 1 5 9 9 4 2 
7 8 9 0 1 6 0 7 3 4 0 4 5 7 4 5 
2 5 2 5 3 7 6 5 6 2 5 1 4 1 6 0 
5 0 4 9 0 6 6 7 5 1 6 4 0 1 0 1 
2 3 0 1 5 3 7 4 4 1 4 9 5 7 3 9 
0 8 7 3 8 7 0 5 9 2 5 5 2 1 6 9 
9 3 9 9 0 2 0 1 2 4 4 3 0 0 4 9 
9 3 6 6 2 1 9 1 1 0 9 3 1 2 7 0 
5 8 6 1 7 9 1 9 9 8 5 2 9 4 4 5 
1 4 2 8 4 9 6 8 6 7 1 3 3 5 9 7 
4 2 1 0 8 7 7 2 5 5 4 5 0 4 2 0 
2 8 8 8 1 5 9 9 1 1 0 8 1 5 6 4 
