4 6 1 9 9 7 2 4 3 1 2 0 7 2 3 9 
1 3 0 2 6 1 1 1 3 2 4 2 4 9 8 6 
5 4 7 0 0 8 0 1 0 3 0 0 1 5 1 9 
9 2 8 2 9 1 8 9 3 2 7 2 0 1 1 4 
9 6 4 5 9 6 6 6 0 5 7 5 8 1 4 7 
1 6 3 2 1 6 2 5 2 4 4 0 0 7 7 5 
3 7 0 7 9 5 0 0 8 8 3 0 9 0 2 6 
2 4 7 8 7 2 6 1 6 7 2 3 2 6 3 3 
3 8 2 3 9 3 9 7 6 1 6 4 3 6 6 4 
4 9 3 3 4 7 2 9 3 5 2 9 2 1 9 8 
9 8 1 6 5 1 8 9 4 9 0 1 1 3 1 6 
6 9 4 4 5 4 1 1 3 3 7 0 3 2 7 5 
9 8 1 1 1 9 9 9 0 1 0 8 1 2 6 0 
5 3 2 6 3 3 3 8 2 8 1 9 2 0 6 6 
1 3 2 2 0 2 6 5 9 9 2 0 2 1 4 4 
1 2 5 4 6 2 0 8 8 9 8 8 0 4 2 3 
