3 8 7 9 4 3 8 8 0 8 8 8 3 0 2 6 
6 7 2 8 2 3 3 6 5 0 3 8 2 6 1 7 
0 1 7 2 5 6 1 9 3 8 3 5 2 7 5 7 
1 5 4 0 9 8 2 8 2 8 7 9 3 8 7 6 
0 5 0 8 3 4 9 1 8 6 4 5 7 1 4 3 
9 2 5 2 0 6 8 2 8 9 0 8 2 1 1 6 
2 4 0 4 8 0 7 2 8 2 9 6 6 3 4 6 
1 2 5 4 3 8 6 8 1 0 9 2 2 9 5 6 
3 8 6 5 5 5 6 0 4 5 5 9 8 8 2 7 
1 9 8 7 4 9 5 5 0 5 8 2 2 9 4 5 
6 8 0 8 7 0 6 1 7 1 6 3 8 5 2 0 
0 2 7 8 2 4 8 6 6 2 5 3 8 6 8 0 
6 0 2 5 4 3 4 7 1 0 7 4 4 6 4 5 
3 1 9 2 7 0 3 1 6 5 1 1 9 6 2 0 
6 4 7 0 1 7 3 0 6 4 3 2 1 2 1 2 
3 1 6 4 8 6 0 1 5 6 1 0 7 7 1 1 
