6 7 3 4 4 9 5 3 5 3 8 3 0 6 7 4 
5 7 3 1 7 5 1 2 7 7 2 6 2 1 5 4 
1 1 1 4 4 8 5 8 8 8 2 4 3 1 0 7 
5 0 7 7 4 8 0 0 5 7 1 5 3 9 3 6 
1 5 4 5 5 4 8 6 0 4 9 3 3 1 6 5 
2 7 6 5 8 9 2 5 5 0 0 1 2 1 9 7 
8 6 5 4 0 9 8 1 0 3 5 1 4 4 2 5 
0 0 0 8 0 9 3 1 1 5 5 7 4 5 2 4 
0 9 9 0 8 3 3 9 9 8 3 0 5 7 6 3 
7 4 0 2 2 1 6 8 5 5 8 7 5 2 7 4 
9 9 0 7 6 0 2 9 7 5 0 7 4 8 5 3 
9 4 4 5 3 2 0 5 3 4 8 2 4 2 6 8 
5 5 8 4 6 3 8 9 0 0 2 6 4 1 1 0 
0 7 9 8 6 0 5 0 5 9 7 1 6 5 5 8 
6 5 1 8 7 8 9 9 2 6 2 6 1 0 0 2 
6 2 0 1 2 8 7 7 7 8 6 5 4 7 6 8 
