5 3 5 1 1 1 0 5 9 0 0 5 9 0 5 6 
8 1 5 0 5 1 1 0 6 9 7 9 5 8 8 0 
2 9 3 8 5 0 6 1 5 5 3 9 3 6 9 5 
0 5 9 1 0 6 7 4 9 0 6 7 8 8 5 6 
4 7 0 8 8 1 4 2 3 6 0 3 8 0 2 8 
8 5 4 8 6 8 4 0 5 5 5 5 2 7 5 5 
8 0 2 1 9 8 2 3 8 0 9 8 0 5 5 7 
1 2 8 0 9 2 7 2 8 7 3 5 8 9 1 0 
4 4 0 6 0 2 1 5 2 4 6 7 2 8 5 3 
4 6 1 1 1 7 8 1 0 0 5 3 0 3 0 9 
6 8 6 0 4 5 2 6 7 8 3 7 2 8 0 5 
4 5 5 9 2 0 0 2 8 2 2 2 3 2 8 9 
9 2 8 9 9 9 1 5 2 1 2 8 1 0 4 9 
3 3 1 9 2 7 4 5 0 5 3 2 1 7 6 7 
5 7 1 2 1 9 6 9 2 9 3 6 1 9 6 2 
0 8 3 9 7 9 8 1 0 1 6 5 3 9 0 2 
