8 3 1 2 6 7 1 3 5 6 7 9 2 8 7 5 
3 7 3 7 2 7 4 4 0 9 2 5 9 0 8 4 
9 3 7 6 1 0 9 2 7 6 5 5 5 2 8 6 
8 7 2 9 4 0 9 1 7 5 1 8 7 5 3 3 
3 5 1 4 8 1 3 0 5 4 7 2 8 2 7 6 
0 1 7 1 6 9 9 8 1 1 1 3 1 6 3 1 
0 2 2 3 1 5 4 2 3 7 9 9 4 3 6 4 
5 9 3 7 1 8 6 9 0 0 8 3 9 7 2 8 
4 9 5 7 5 5 7 5 3 1 9 9 8 7 4 8 
5 6 9 3 5 0 0 4 8 0 3 1 6 8 1 2 
6 3 6 1 3 7 0 3 3 9 3 6 7 8 9 3 
4 9 4 4 5 0 8 2 5 4 5 2 4 9 9 3 
8 5 2 0 3 9 7 6 5 0 3 9 0 7 9 9 
4 5 9 8 9 5 9 9 1 8 4 7 0 3 2 4 
5 1 4 2 7 3 5 8 5 6 9 1 8 2 5 4 
2 5 7 7 8 8 3 6 2 1 9 6 1 0 4 4 
