8 1 3 3 2 3 7 0 1 2 8 4 2 4 5 5 
0 6 1 7 8 6 7 7 1 7 8 6 9 0 5 9 
9 6 1 2 7 2 8 8 5 9 5 2 3 6 1 6 
6 4 2 2 2 3 5 6 4 5 4 7 0 0 3 9 
8 7 4 8 2 6 6 2 1 3 9 5 9 2 5 3 
4 0 2 8 0 0 7 7 0 5 7 0 4 5 0 1 
8 7 9 9 4 4 8 9 4 3 8 7 6 6 0 0 
9 7 2 0 1 9 2 1 1 9 2 2 2 9 1 0 
4 4 5 8 6 4 1 9 8 4 3 2 9 4 4 9 
7 0 2 1 8 5 6 4 3 6 4 4 7 2 0 6 
6 9 1 8 5 6 1 6 2 6 5 3 9 0 1 2 
4 3 0 9 1 5 3 7 9 3 5 0 3 8 4 1 
1 4 1 9 7 4 1 1 6 0 4 0 5 3 8 9 
1 3 5 8 1 0 6 6 5 5 7 7 3 2 6 6 
9 1 1 4 4 8 3 2 8 1 3 9 0 1 5 8 
0 3 2 1 4 1 9 9 8 1 9 2 1 4 5 1 
