4 7 4 2 0 2 6 9 2 8 8 0 2 9 4 0 
8 0 2 3 1 7 6 6 6 4 0 4 9 0 5 5 
8 2 9 9 3 4 0 6 8 7 9 3 1 5 6 5 
5 9 0 0 8 1 5 7 8 9 5 1 5 1 4 8 
9 7 9 8 0 7 4 4 1 5 2 2 3 7 5 9 
3 9 2 6 3 8 5 8 4 5 8 8 7 6 2 0 
5 6 0 5 2 2 8 8 4 4 5 7 0 8 0 6 
9 7 6 3 4 0 0 1 3 4 9 9 9 6 6 6 
3 5 5 0 0 0 9 0 8 0 2 2 9 4 5 0 
8 2 7 5 8 0 9 4 3 0 1 5 3 6 1 6 
9 8 8 4 4 4 6 9 6 1 2 2 8 4 8 3 
9 8 0 3 2 7 3 1 1 7 0 4 8 7 7 9 
6 6 1 9 1 9 3 4 1 3 6 1 6 7 1 4 
7 2 5 7 0 0 4 6 9 3 7 5 6 5 0 1 
0 7 5 1 4 7 0 1 7 1 4 2 9 8 2 2 
9 8 6 8 5 8 7 1 4 5 8 4 4 1 9 9 
