8 4 9 3 0 8 4 2 6 5 8 6 9 1 3 0 
5 6 7 8 6 4 0 1 9 4 1 1 7 8 6 4 
0 8 0 1 4 7 1 4 8 6 6 3 6 1 1 0 
3 6 4 6 8 7 0 6 2 5 0 1 7 5 2 2 
3 3 1 9 9 8 6 2 6 4 2 3 9 9 2 2 
2 5 7 9 2 9 0 0 8 6 1 2 1 1 9 3 
7 1 2 6 4 9 5 2 3 6 7 5 3 1 1 5 
8 9 1 1 5 0 3 8 8 4 8 9 5 3 2 5 
3 6 2 0 1 8 1 5 0 8 9 9 7 4 7 5 
6 6 6 2 7 5 1 9 0 3 9 5 1 3 5 2 
8 3 2 1 1 8 5 7 8 2 2 5 3 5 5 1 
6 7 7 2 7 4 8 8 7 1 5 8 5 2 4 9 
8 4 2 7 4 4 6 0 0 0 8 7 5 7 1 6 
7 4 8 6 7 6 1 1 1 6 1 4 8 7 4 6 
9 1 4 5 9 8 3 8 3 6 5 2 1 5 5 2 
4 9 7 4 4 3 5 3 2 4 1 4 3 7 8 5 
