4 5 5 1 1 5 8 2 7 1 0 6 4 9 9 5 
6 5 9 1 5 5 4 5 3 4 9 2 5 6 2 9 
5 1 9 5 4 0 3 7 4 4 6 3 0 0 1 2 
0 3 4 1 5 3 3 4 1 1 6 9 8 1 5 7 
4 0 1 0 4 2 5 1 2 4 1 4 5 4 9 6 
1 8 5 9 8 5 3 7 2 4 1 3 4 1 2 3 
3 6 4 8 8 3 3 8 7 3 6 7 5 1 4 6 
1 3 9 6 3 3 0 5 1 8 3 1 4 2 2 1 
2 0 4 4 1 6 5 7 7 7 9 2 1 8 4 2 
4 1 7 2 8 5 8 4 4 6 3 3 9 5 9 1 
9 8 0 2 8 0 4 0 4 8 7 3 1 1 6 6 
4 3 9 7 6 3 2 6 0 8 3 9 8 0 0 6 
6 6 9 7 6 0 8 0 6 5 2 3 6 2 4 9 
7 1 4 5 7 1 0 2 9 1 7 9 2 1 8 6 
5 6 1 0 3 6 5 3 5 1 9 8 2 1 0 3 
1 6 8 1 0 8 3 6 1 7 8 4 8 1 5 5 
