3 5 9 3 0 1 7 1 6 0 3 4 1 6 5 1 
9 6 8 5 3 0 2 7 7 6 2 5 5 5 4 0 
3 6 5 2 3 2 1 7 0 6 0 0 1 8 0 9 
8 4 7 7 5 8 1 2 2 4 6 9 1 5 9 8 
3 8 8 2 3 2 8 7 1 7 4 1 4 5 2 2 
7 6 1 0 3 3 9 6 9 0 2 8 2 0 2 0 
5 7 0 1 9 4 4 5 0 1 6 9 6 9 7 7 
5 0 8 0 5 2 9 4 9 0 3 8 6 3 3 6 
0 9 4 7 4 5 6 0 7 6 4 1 5 7 1 5 
1 4 1 3 3 0 6 6 0 6 3 3 7 7 5 0 
6 8 2 2 2 5 9 3 6 9 2 4 7 3 6 3 
8 7 3 1 0 4 2 3 7 3 2 9 7 5 5 3 
1 1 2 5 2 1 5 4 8 2 7 4 0 0 2 0 
7 3 4 3 4 9 5 6 9 7 2 1 8 3 7 1 
8 2 9 6 1 2 7 2 5 9 2 5 6 5 3 2 
1 9 2 6 6 9 6 4 1 6 3 7 6 6 2 2 
