8 6 3 3 8 1 8 1 3 3 6 9 8 9 5 5 
0 6 3 4 3 4 8 7 5 0 0 2 0 7 8 0 
1 7 7 2 9 1 7 1 8 5 9 8 6 0 8 9 
1 5 1 3 6 1 2 0 8 0 1 6 3 5 5 2 
6 0 8 2 0 2 2 9 0 4 4 5 1 4 1 7 
3 2 7 7 4 6 4 1 1 2 8 6 7 8 6 2 
1 8 7 2 2 7 2 0 4 3 9 0 4 2 6 4 
0 6 2 6 5 0 4 9 9 4 0 1 2 7 2 8 
1 1 8 2 3 6 4 8 1 2 1 3 8 1 2 3 
8 7 3 3 3 8 6 3 5 1 7 9 9 1 9 9 
4 3 3 9 3 0 6 2 7 0 6 9 3 3 9 1 
0 1 9 3 8 4 5 9 2 7 7 6 6 7 0 0 
1 0 3 3 6 4 2 9 8 7 1 2 6 1 2 2 
2 7 9 5 4 1 4 2 6 6 1 6 7 0 9 1 
5 5 5 8 6 3 3 7 1 0 1 9 8 1 4 3 
8 9 0 8 7 9 8 7 9 7 0 3 4 5 2 9 
