4 8 0 7 0 5 1 0 5 3 8 3 8 9 6 1 
9 9 8 4 2 9 9 4 4 4 5 5 5 5 7 9 
8 8 0 6 6 9 6 6 5 3 0 2 8 4 6 2 
5 1 7 4 7 3 0 7 9 9 1 8 3 0 2 9 
7 4 6 9 3 4 4 8 6 4 6 8 7 1 2 8 
9 0 8 5 4 7 1 2 2 4 4 0 2 1 1 8 
6 8 1 2 7 3 8 1 3 1 8 3 7 3 2 2 
8 6 3 1 2 0 3 2 2 3 8 9 2 4 5 2 
8 2 0 5 1 5 4 3 4 2 8 6 9 5 7 0 
6 2 1 2 9 5 9 3 0 4 3 6 2 4 0 6 
8 8 3 8 9 0 7 4 2 3 2 3 6 8 3 7 
0 9 2 1 7 1 9 6 7 4 6 5 2 9 1 7 
1 9 8 2 2 9 4 1 1 3 2 4 2 9 1 0 
2 5 4 6 4 3 2 2 2 8 0 0 2 0 9 3 
2 5 4 5 6 1 1 7 6 2 7 4 0 2 8 9 
7 5 0 5 2 5 7 9 4 8 1 2 5 4 2 7 
