9 8 8 2 7 5 1 1 7 9 2 5 4 2 8 2 
4 9 0 9 7 5 3 5 0 7 1 9 3 4 7 4 
7 7 1 0 5 9 1 0 0 1 7 1 5 9 0 4 
6 1 0 5 8 4 1 4 8 2 2 5 2 6 7 6 
2 5 8 5 4 4 9 5 8 3 1 2 8 8 5 5 
8 4 7 9 8 3 9 6 0 8 0 4 3 6 3 7 
4 1 2 5 0 7 9 8 4 3 4 8 6 2 9 5 
0 2 0 5 4 4 7 7 0 2 0 8 5 4 0 8 
8 6 4 6 5 2 9 8 3 6 8 7 3 7 2 7 
1 4 2 9 4 2 4 7 9 9 2 7 6 2 7 7 
2 1 2 3 4 3 1 5 1 8 2 9 0 1 0 4 
3 5 4 3 5 4 0 2 9 5 0 9 6 8 7 2 
3 1 6 3 9 4 5 2 7 6 9 0 9 3 9 5 
1 4 0 9 0 1 3 9 9 9 6 2 6 8 2 9 
5 8 5 3 1 1 3 9 2 5 8 7 1 1 5 3 
9 4 4 1 8 6 0 6 3 8 4 0 9 5 8 1 
