6 5 0 8 6 9 0 0 8 4 5 1 4 1 5 8 
3 2 4 8 4 6 4 5 5 6 9 9 5 1 0 1 
8 4 5 5 1 5 8 0 4 3 0 3 3 5 5 4 
5 6 0 5 6 0 3 4 5 2 5 6 8 0 3 3 
5 8 2 7 5 5 8 8 2 4 8 0 7 5 7 5 
3 6 1 7 8 8 7 3 7 1 1 5 6 2 0 3 
2 0 9 2 8 2 0 3 6 7 1 8 4 7 5 2 
6 7 1 7 9 9 1 5 8 6 1 5 2 7 5 2 
9 0 8 7 7 7 3 7 5 4 4 5 7 1 8 3 
0 8 9 4 6 2 5 0 2 6 3 7 1 3 0 6 
5 5 6 1 3 2 5 8 5 7 4 9 9 7 7 6 
8 6 7 6 5 5 3 5 8 6 6 3 7 9 6 3 
0 8 8 4 3 5 0 5 5 1 9 9 1 7 0 3 
2 5 4 3 1 2 9 6 9 3 2 4 5 8 7 8 
2 0 8 7 2 5 1 4 7 4 6 8 2 2 5 1 
1 8 1 6 6 0 1 7 1 0 2 3 9 4 3 7 
