9 3 9 6 4 3 2 7 5 6 4 0 6 4 1 9 
8 2 9 6 7 7 0 3 4 4 5 9 8 1 8 4 
2 8 6 3 5 0 6 2 5 8 1 7 6 0 5 1 
8 8 4 6 0 8 5 0 4 9 6 9 5 0 1 0 
6 9 3 5 5 2 3 0 2 9 0 2 3 7 1 5 
7 9 4 1 7 8 8 3 3 5 7 1 5 0 8 8 
5 8 9 2 7 4 4 9 4 7 7 7 0 4 4 5 
7 2 3 6 8 5 0 7 5 9 1 8 0 0 7 1 
3 0 3 9 7 6 0 8 4 3 2 0 2 3 0 5 
2 4 8 3 3 7 5 3 5 6 3 3 2 9 8 3 
2 9 3 7 4 7 9 9 7 0 5 4 5 0 1 4 
2 2 6 7 9 3 9 4 5 8 9 7 5 9 1 0 
0 4 8 4 8 6 7 0 7 2 8 6 8 1 6 1 
9 1 2 5 3 1 4 7 9 0 3 6 5 8 9 0 
3 3 3 3 6 3 9 2 4 4 4 1 1 2 9 8 
3 1 1 0 1 3 3 0 9 9 6 0 1 5 3 6 
