2 6 5 8 5 9 7 6 0 8 9 3 5 4 5 2 
7 0 9 3 5 0 3 8 9 2 6 4 7 7 0 0 
1 1 9 1 6 2 1 3 7 8 6 1 8 5 0 6 
8 2 5 3 0 9 7 6 4 4 5 8 7 4 1 8 
5 6 1 4 4 7 6 3 3 7 1 5 6 0 9 8 
8 9 6 0 5 9 4 4 7 6 8 1 1 4 1 5 
0 3 1 4 0 5 4 3 8 4 1 6 0 1 8 5 
1 1 6 6 9 0 8 1 9 9 2 4 2 1 8 0 
0 6 0 8 6 4 7 5 7 3 4 2 3 6 0 3 
9 4 0 0 3 2 1 1 0 0 3 3 2 9 7 9 
2 0 3 2 3 4 1 8 6 6 4 8 6 5 9 0 
4 7 5 5 2 5 8 2 9 9 2 3 6 5 8 8 
1 3 2 5 6 5 9 1 1 9 6 3 5 0 1 2 
2 1 6 1 1 5 9 2 7 3 6 1 6 7 1 1 
4 6 1 0 0 5 1 6 6 0 5 5 8 2 3 7 
7 6 5 9 4 1 0 0 4 3 9 8 1 1 9 6 
