9 2 8 8 5 1 1 9 1 0 5 8 5 3 9 2 
1 0 4 4 0 3 3 7 7 0 9 8 6 0 0 9 
7 3 0 1 4 0 9 7 5 8 9 8 1 1 4 2 
6 8 5 4 2 5 7 2 6 1 3 3 7 9 6 0 
1 7 0 9 3 6 9 4 0 5 7 0 3 0 4 4 
4 1 7 8 1 6 3 6 4 1 6 2 8 3 9 2 
9 6 9 6 0 0 3 9 8 9 3 8 2 1 8 0 
6 9 6 9 1 5 3 6 8 8 2 5 4 0 5 3 
6 3 5 4 2 0 0 1 6 7 7 9 9 8 0 4 
2 1 4 8 9 1 1 4 5 5 0 4 0 7 0 6 
0 4 5 1 5 2 1 1 1 6 6 2 2 0 2 0 
2 3 0 7 7 5 3 7 2 2 2 3 4 5 7 6 
0 5 1 6 2 2 5 9 6 0 3 4 3 4 1 1 
5 8 5 2 8 2 3 7 2 7 1 2 6 4 6 5 
4 6 7 9 6 7 4 2 5 5 4 0 2 3 4 4 
9 3 3 7 6 6 0 7 6 9 3 8 4 6 6 8 
