5 2 5 8 2 3 7 0 5 2 5 2 8 7 6 3 
6 1 1 0 7 9 1 6 4 7 4 4 2 7 4 6 
8 4 8 5 3 1 8 9 8 7 7 3 6 7 4 3 
4 3 9 0 0 1 1 8 4 2 9 1 0 8 1 1 
3 3 9 7 0 1 1 9 1 4 6 1 9 0 1 2 
5 7 1 2 4 2 4 8 6 4 6 2 8 5 7 1 
3 2 4 5 9 9 4 2 0 5 0 9 0 8 5 7 
3 4 9 5 0 0 5 8 8 4 1 2 5 1 8 7 
0 1 6 5 3 1 9 8 2 5 7 0 5 7 7 4 
3 9 2 3 3 7 0 1 5 9 5 9 5 2 9 8 
7 3 1 7 7 3 7 8 1 7 7 9 0 5 2 3 
2 7 7 5 2 7 1 6 7 1 9 8 3 6 5 3 
2 0 0 4 2 7 5 9 6 0 2 3 6 8 4 1 
4 4 8 0 2 2 3 8 5 9 5 0 5 9 6 0 
9 4 8 4 8 8 7 3 5 1 6 2 6 2 7 8 
8 1 6 2 6 5 1 7 3 1 5 1 0 2 2 9 
