8 3 3 9 4 5 3 8 0 0 8 0 1 0 1 7 
4 1 2 3 8 1 9 5 8 5 0 3 7 6 5 0 
3 0 2 1 2 9 3 0 0 3 4 9 7 4 3 3 
6 4 4 4 3 9 7 1 1 5 1 3 4 8 6 1 
3 6 9 2 7 8 0 6 6 6 9 6 0 5 2 9 
4 7 4 9 9 9 5 8 8 8 3 5 8 9 1 1 
6 6 1 3 4 9 8 2 7 3 8 4 7 9 3 3 
5 5 5 5 1 3 1 0 0 9 2 9 0 7 2 1 
6 4 8 6 6 1 3 8 6 5 3 7 9 3 9 8 
3 3 2 9 2 5 4 5 7 7 8 1 7 5 5 7 
2 1 1 8 9 2 8 0 1 2 4 0 8 1 2 2 
3 0 3 9 3 1 6 6 6 8 2 2 2 3 5 5 
3 7 0 2 8 0 3 9 1 6 6 4 4 7 4 9 
5 2 5 6 4 7 9 3 3 4 2 0 3 5 1 1 
3 7 8 9 5 2 3 6 8 7 0 1 2 7 7 6 
7 8 8 5 1 9 8 9 9 8 3 1 1 0 3 6 
