6 9 9 2 2 3 6 8 6 8 5 5 0 9 2 2 
4 0 9 7 9 8 5 2 1 7 5 3 5 1 6 1 
7 5 7 8 6 9 4 3 4 0 5 4 3 3 8 9 
9 6 5 2 0 5 2 3 8 0 2 7 3 3 5 6 
0 8 3 0 9 0 0 2 5 1 0 2 6 4 4 9 
8 0 2 1 3 0 1 3 2 8 8 3 8 4 7 7 
3 7 9 5 7 7 0 6 8 4 2 1 0 7 1 3 
4 3 3 6 0 4 8 8 9 0 2 8 5 0 9 8 
3 4 1 8 5 6 4 1 9 8 8 7 4 2 1 7 
3 1 2 6 8 4 7 0 6 3 8 3 9 1 5 0 
6 6 4 9 4 5 9 7 2 3 9 8 7 8 9 5 
5 0 9 1 7 2 2 2 2 4 8 6 2 0 6 2 
2 0 5 4 1 8 4 3 1 6 9 4 4 1 1 5 
9 5 3 1 2 0 1 0 1 6 4 6 1 3 1 2 
6 4 0 9 9 9 1 1 7 4 7 7 6 2 7 4 
1 4 5 9 9 5 2 8 8 7 6 8 9 3 5 4 
