6 0 1 6 8 7 9 2 7 0 1 1 9 7 1 0 
4 3 8 6 4 3 7 3 2 3 2 4 6 1 2 8 
4 3 6 3 1 7 5 7 1 2 5 1 8 7 0 3 
7 3 1 1 2 1 4 6 3 2 4 1 2 1 3 5 
4 2 2 9 0 0 3 0 5 9 5 1 9 9 2 7 
0 1 1 2 2 9 6 2 5 7 4 4 7 1 1 5 
9 6 7 0 8 9 5 9 8 6 2 9 8 4 4 3 
2 8 3 2 4 8 3 5 1 9 8 9 6 1 9 6 
7 7 3 8 4 4 7 4 7 4 7 1 8 1 8 3 
9 7 1 5 9 8 1 8 5 1 7 7 0 3 6 1 
3 2 5 5 8 0 9 4 0 9 4 3 0 2 0 9 
8 0 2 9 3 9 1 7 3 6 2 3 0 3 6 9 
7 5 0 2 6 3 0 2 5 7 8 6 9 9 9 3 
4 7 8 8 5 8 4 6 7 5 5 3 0 3 7 5 
7 7 3 2 5 4 7 7 4 8 2 8 2 1 2 5 
7 8 8 7 2 1 7 9 5 9 1 2 1 8 1 1 
