0 4 4 3 8 6 9 2 7 2 0 4 1 0 7 1 
5 9 4 8 3 9 1 9 3 0 4 1 5 8 1 3 
5 9 2 8 7 9 2 5 7 8 9 7 2 0 1 6 
7 7 2 6 2 1 5 6 2 2 3 3 2 0 1 3 
6 7 3 1 6 7 2 3 3 4 0 1 4 3 1 3 
3 3 6 5 1 8 3 3 3 0 9 2 5 8 6 2 
6 5 9 4 0 7 4 5 4 2 6 6 3 8 6 3 
9 9 6 1 2 1 2 5 3 4 3 2 8 6 0 9 
2 4 2 3 5 0 6 4 8 6 6 6 3 1 4 1 
2 9 9 9 0 2 9 0 3 2 0 9 4 0 5 7 
5 2 9 1 7 9 8 1 2 5 3 5 9 7 0 5 
6 2 9 9 5 8 8 4 3 9 8 5 9 3 6 5 
2 8 2 5 2 0 3 1 0 6 6 4 2 6 5 9 
4 8 8 4 7 0 5 0 9 3 5 5 6 9 0 3 
4 2 6 9 9 4 2 2 7 7 3 7 2 0 1 2 
5 7 9 2 9 7 1 0 4 6 4 6 3 9 3 1 
