3 6 3 2 7 8 4 0 8 6 4 5 7 4 9 1 
1 8 4 7 5 6 0 2 4 8 3 1 8 2 1 6 
2 7 0 1 7 9 8 7 9 3 7 0 9 0 5 5 
1 0 4 5 3 6 3 8 7 9 7 5 6 2 5 5 
5 9 9 8 7 3 4 8 6 8 4 4 4 6 3 8 
6 1 2 5 7 0 5 1 0 0 4 3 1 1 7 1 
0 7 7 5 2 8 8 9 7 2 3 8 7 7 5 7 
8 0 9 0 2 4 0 9 3 5 3 2 8 7 7 9 
3 8 0 1 2 6 7 8 5 6 9 7 5 9 2 9 
5 6 0 6 9 4 5 6 9 1 6 6 3 2 0 5 
6 6 3 9 8 9 7 5 7 4 5 6 7 8 2 3 
3 2 0 3 7 4 3 1 1 3 4 2 3 8 5 5 
7 6 5 1 0 0 4 1 5 9 5 9 0 1 3 9 
0 1 6 1 0 9 6 8 5 4 6 3 8 7 0 5 
2 3 6 4 1 3 0 8 2 6 8 7 1 2 8 7 
5 9 3 4 6 9 4 2 6 8 2 5 2 4 1 5 
