8 5 3 3 3 5 0 1 9 9 4 9 1 8 0 8 
7 8 7 9 6 5 4 9 3 8 2 9 6 7 6 7 
9 4 2 8 9 8 5 8 1 6 3 4 5 8 2 7 
1 3 1 0 6 4 5 7 2 2 1 2 0 5 0 6 
1 3 1 5 6 2 7 5 8 6 1 0 3 3 0 8 
6 0 7 0 2 6 7 0 6 7 3 4 5 0 1 4 
7 1 0 7 9 8 3 0 4 9 4 4 2 8 7 8 
2 8 8 0 0 1 1 6 7 6 8 7 4 0 1 3 
7 4 3 2 4 9 0 2 5 9 1 0 1 1 9 5 
0 8 2 3 8 1 1 4 7 7 0 4 0 5 5 9 
9 5 2 6 5 3 0 3 1 3 9 6 0 2 7 3 
3 5 2 3 9 0 1 8 8 9 0 4 1 3 9 0 
5 7 3 5 9 9 7 1 8 8 6 8 1 1 1 6 
3 5 3 0 4 3 9 2 2 6 8 6 5 4 5 5 
4 5 9 0 1 3 6 1 2 0 2 6 5 3 7 9 
9 1 3 8 2 6 8 9 3 8 1 1 9 7 8 0 
