4 4 2 5 1 0 4 3 0 4 6 3 9 0 7 9 
7 7 7 4 3 2 6 8 8 9 8 2 1 0 3 3 
1 8 3 2 8 5 3 1 1 4 7 9 8 0 9 8 
8 0 6 2 4 6 0 5 9 0 0 7 0 6 2 5 
9 5 2 4 6 2 2 6 6 1 6 1 3 9 9 8 
8 2 2 3 0 7 1 1 2 4 8 6 2 1 6 9 
3 3 3 7 9 9 3 5 2 3 9 4 4 7 8 3 
6 7 0 0 5 4 6 7 7 9 7 7 9 4 3 9 
4 7 9 6 9 9 9 9 6 7 7 1 5 3 2 9 
5 9 6 5 3 5 5 6 1 0 3 0 1 2 3 4 
0 3 5 8 2 5 1 8 7 1 0 5 4 9 0 6 
2 6 4 8 3 5 1 2 8 3 4 6 4 9 7 1 
6 7 1 5 3 5 9 3 6 8 5 3 1 3 1 7 
6 8 7 1 9 0 9 6 3 2 7 5 0 4 0 5 
2 3 9 7 4 8 8 9 6 1 2 7 2 5 5 4 
4 6 2 3 6 2 3 1 0 4 3 7 3 1 0 2 
