5 9 4 4 1 6 2 6 8 7 4 8 8 5 6 9 
5 6 2 6 2 5 7 6 6 0 1 1 5 9 8 0 
1 2 9 1 2 8 1 7 3 3 4 5 8 8 5 8 
6 1 0 1 5 9 0 2 1 7 6 6 5 2 2 4 
7 6 1 1 4 3 0 1 6 1 5 7 4 0 6 5 
7 0 6 0 9 2 4 8 5 7 9 4 0 4 9 4 
1 1 5 3 5 0 1 6 3 7 3 6 5 1 6 1 
6 6 7 5 4 4 4 1 8 2 0 5 6 5 9 4 
7 7 9 1 9 4 9 9 9 8 0 2 7 6 6 7 
9 4 7 3 0 6 9 5 2 2 9 1 0 4 3 5 
8 0 9 5 4 1 3 4 5 5 5 7 1 2 1 0 
9 8 0 6 7 9 1 6 0 9 4 4 7 6 0 4 
7 3 3 7 0 2 0 3 2 4 6 2 1 1 3 8 
6 5 1 0 3 7 9 1 5 0 4 7 5 8 6 6 
7 8 8 3 7 6 2 4 7 4 2 9 3 6 8 1 
6 3 8 2 0 0 7 5 0 9 7 9 6 3 3 9 
