9 7 2 5 2 0 3 0 8 7 5 6 6 0 3 3 
6 1 0 6 3 2 2 6 7 6 8 4 1 1 4 5 
7 1 0 1 6 5 6 8 9 4 5 4 3 2 3 3 
2 9 0 9 6 1 5 5 6 2 6 4 1 7 4 2 
9 0 9 3 3 7 6 6 9 0 0 3 2 2 9 5 
0 9 6 0 8 2 1 0 1 1 5 3 9 9 8 7 
4 4 5 8 2 1 3 7 2 0 1 4 2 9 4 7 
8 5 7 1 4 4 2 9 8 9 8 8 1 2 0 9 
5 6 5 7 4 9 4 3 4 6 6 8 0 7 0 8 
2 6 3 0 9 1 3 8 5 0 8 9 0 2 2 8 
2 5 6 6 6 2 2 4 6 5 5 5 7 7 1 6 
5 1 3 5 7 1 1 3 2 5 1 3 6 3 1 6 
1 3 8 6 3 4 7 7 9 3 0 3 6 6 1 1 
0 9 6 7 1 4 6 7 5 2 2 9 4 8 8 3 
4 6 8 4 6 5 9 2 4 9 8 4 0 8 0 8 
3 3 2 1 7 2 4 3 2 0 2 1 6 0 1 1 
