9 1 6 5 1 4 6 3 9 7 5 9 2 0 5 1 
9 2 8 0 9 6 1 1 5 0 5 2 6 1 4 8 
0 8 0 1 2 1 1 5 5 8 3 3 6 3 2 2 
6 2 8 1 3 3 6 8 8 4 9 9 1 3 1 2 
1 0 1 5 4 2 0 2 4 5 9 3 2 0 4 3 
4 3 1 0 2 8 1 5 7 0 7 9 6 7 8 6 
2 3 5 5 7 8 6 5 7 8 2 1 3 8 3 9 
4 6 8 0 2 6 3 3 5 6 1 4 6 1 8 4 
2 6 9 4 9 1 7 6 5 0 3 8 6 5 1 8 
4 5 3 1 4 8 5 5 4 0 1 3 9 0 0 6 
5 1 2 8 1 0 3 2 7 1 6 6 7 6 2 1 
4 1 4 7 2 9 9 3 5 6 6 0 0 9 8 1 
6 0 0 7 6 4 7 0 2 9 5 7 9 3 2 7 
3 7 4 2 2 8 7 0 5 6 1 7 1 2 2 9 
0 9 1 1 2 4 6 1 0 1 3 9 6 2 0 6 
2 6 8 2 8 2 1 7 3 8 2 2 7 0 9 8 
