6 2 3 7 8 2 2 7 3 3 5 8 7 7 1 7 
8 5 9 1 5 5 2 8 3 2 7 2 1 4 7 4 
3 6 1 2 6 0 4 1 6 3 3 0 7 2 8 2 
8 2 7 3 7 5 4 2 2 9 0 0 1 6 5 3 
1 5 5 3 2 7 5 7 5 8 2 3 4 9 1 2 
4 1 2 6 4 3 6 8 1 5 2 4 0 7 3 6 
7 0 7 8 7 9 0 9 4 7 5 2 6 4 7 6 
6 1 3 9 2 3 8 1 1 7 2 1 8 5 5 0 
7 3 6 5 2 1 8 4 1 9 8 1 6 3 4 8 
1 9 0 5 4 3 1 3 8 2 9 4 4 8 9 5 
6 1 2 4 2 1 9 9 2 2 3 1 5 4 6 4 
7 7 1 6 1 1 2 5 9 5 5 1 0 0 0 7 
6 9 9 5 6 5 2 4 8 7 1 9 0 0 2 6 
4 6 5 6 7 5 1 5 1 9 8 5 9 3 0 9 
9 4 1 0 3 6 3 3 5 0 5 4 8 1 3 3 
0 1 3 6 1 2 4 9 2 5 7 3 3 8 1 1 
