7 1 2 3 1 6 2 0 9 1 1 6 1 3 9 1 
0 8 8 4 5 5 4 9 4 8 9 2 7 9 0 5 
7 4 3 2 7 3 6 3 6 8 4 9 4 4 8 3 
4 7 6 6 4 8 1 3 0 4 5 8 7 6 0 4 
6 0 8 4 9 4 3 6 9 0 4 5 3 4 7 8 
2 4 9 9 0 4 8 3 8 7 4 8 3 4 4 2 
6 0 6 1 4 3 1 2 3 6 8 9 3 7 0 0 
8 0 9 3 1 5 9 1 7 4 3 8 6 3 8 3 
5 3 7 0 5 1 4 6 5 5 6 3 0 9 6 6 
2 6 5 2 8 3 9 3 4 9 8 4 7 9 9 0 
3 8 4 2 2 0 6 6 7 0 9 7 1 2 6 2 
6 0 6 0 9 9 3 6 7 7 7 1 4 0 6 6 
0 6 8 1 3 1 7 6 2 8 4 3 6 0 0 8 
9 9 0 5 5 9 1 9 3 9 0 3 3 7 4 5 
6 9 1 5 3 3 3 0 9 6 3 7 6 0 4 3 
7 0 9 9 2 5 2 9 6 8 8 8 9 2 4 5 
