6 2 3 6 1 2 5 7 8 0 1 4 1 5 2 8 
9 4 5 7 5 7 6 8 3 2 6 4 2 5 2 4 
2 9 8 7 9 2 4 4 2 5 1 0 0 8 7 7 
3 9 4 2 3 2 3 5 4 2 3 3 9 1 4 3 
2 0 9 0 4 9 6 1 9 9 4 0 7 7 2 8 
1 4 0 0 5 6 7 9 2 1 2 3 4 1 9 5 
4 0 6 9 1 0 6 6 3 8 8 0 3 3 5 2 
8 2 1 8 9 1 9 1 7 2 7 0 9 7 7 0 
7 5 2 5 6 4 1 3 4 2 0 3 4 0 8 1 
0 3 5 4 1 9 3 5 7 2 5 1 5 8 6 8 
7 0 6 5 1 0 3 1 8 4 9 7 8 4 5 9 
2 2 3 1 8 8 3 5 6 7 1 4 5 7 9 1 
3 0 1 2 7 4 4 2 3 3 5 0 8 5 4 0 
7 0 8 2 5 9 7 1 6 2 0 9 0 4 8 4 
3 1 3 4 6 7 5 0 5 1 9 1 3 4 6 1 
7 0 6 6 1 4 6 7 7 4 4 2 3 8 8 5 
