5 3 1 7 9 4 1 8 4 3 9 7 8 8 2 3 
8 6 0 5 8 4 3 0 8 4 3 9 3 3 4 5 
6 9 1 8 5 3 3 6 4 4 7 6 5 0 1 5 
8 1 4 9 5 3 1 9 7 0 3 6 5 3 9 5 
8 3 4 9 3 2 9 3 4 0 9 8 0 1 0 9 
0 0 4 5 6 8 8 3 1 3 1 7 9 6 8 3 
4 5 4 5 9 1 6 6 6 1 4 2 9 1 0 8 
5 1 5 9 4 3 2 0 5 0 2 4 7 5 1 9 
2 3 9 7 9 9 1 2 3 4 5 5 8 8 0 4 
0 7 2 7 3 6 6 3 4 3 5 3 1 3 1 8 
5 8 3 9 7 0 7 2 1 8 8 7 7 3 2 3 
4 7 3 8 7 9 2 9 3 6 3 1 7 7 2 5 
7 2 5 5 3 1 0 2 9 1 7 9 1 3 6 6 
2 1 4 1 6 6 1 3 9 7 9 7 3 3 6 7 
7 6 8 3 9 1 6 3 3 9 7 7 5 8 3 8 
9 8 2 4 0 6 6 1 5 6 5 0 2 0 7 0 
