4 2 8 2 6 9 4 9 8 5 0 1 2 7 1 2 
6 3 4 9 8 9 0 6 1 7 2 9 9 8 0 3 
4 4 7 4 5 0 0 8 8 8 3 8 0 2 9 3 
9 3 4 2 1 6 2 0 3 4 9 3 9 3 1 9 
3 8 2 0 0 2 2 5 1 1 2 5 0 6 2 4 
2 6 6 1 5 7 5 1 1 4 9 6 3 8 9 8 
9 2 0 1 9 3 2 0 9 1 6 8 1 1 8 5 
1 9 2 4 3 8 3 0 5 3 0 1 8 1 5 5 
7 1 2 1 3 7 6 1 0 1 1 0 1 5 2 3 
9 6 1 0 0 6 7 5 6 2 0 7 7 8 6 2 
3 2 6 2 5 6 0 6 9 2 3 6 1 1 7 7 
6 4 6 0 3 5 3 2 2 6 9 3 7 3 9 1 
6 0 1 1 6 6 7 9 1 4 7 1 2 0 3 0 
5 7 1 3 4 2 7 8 4 8 6 3 4 6 2 9 
3 0 1 1 7 7 1 7 4 2 2 6 7 4 6 2 
0 5 0 0 2 3 1 5 0 5 4 3 1 2 2 8 
