5 7 0 0 9 7 4 4 8 2 9 5 9 4 8 1 
3 8 1 3 5 5 5 5 8 9 7 3 3 4 5 6 
8 6 0 0 2 8 7 2 9 8 8 5 1 1 7 5 
9 1 7 2 5 1 4 4 0 1 6 8 7 8 8 1 
5 0 3 1 0 9 7 5 6 6 7 2 1 8 2 1 
2 2 5 6 8 2 6 3 9 6 4 1 8 7 0 6 
9 4 1 0 5 4 4 1 6 7 3 0 4 1 7 8 
9 2 9 4 4 6 3 1 4 5 3 6 8 5 7 7 
4 3 2 0 3 6 4 0 9 0 3 7 5 8 5 0 
2 8 1 9 7 7 8 6 8 5 2 2 4 9 0 4 
6 0 5 1 3 2 0 6 6 0 3 5 3 1 2 5 
9 1 6 6 2 3 1 9 5 0 0 2 0 5 6 3 
7 5 2 5 8 0 9 9 1 4 2 5 9 9 8 8 
4 0 5 3 4 8 4 2 1 1 9 8 7 9 1 8 
9 9 2 3 1 7 1 2 6 8 4 5 4 4 9 3 
4 7 0 0 6 4 3 7 4 1 7 5 7 9 1 4 
