4 8 0 4 4 2 9 3 9 9 2 0 4 3 7 1 
0 3 8 6 2 4 7 9 0 4 8 8 8 4 1 1 
0 0 4 8 6 5 0 1 4 2 2 5 5 9 0 9 
7 1 0 6 5 5 1 7 6 7 0 0 7 6 3 4 
5 6 7 7 1 3 7 0 6 3 6 7 3 0 2 5 
8 0 5 8 5 3 6 6 4 1 9 3 2 4 8 0 
1 5 4 7 3 8 9 6 4 4 9 2 8 2 4 5 
2 0 3 8 4 2 9 1 7 2 7 8 7 3 9 6 
3 3 0 3 1 8 0 6 8 2 7 5 4 1 5 5 
4 3 0 4 3 9 5 1 8 9 2 3 5 9 7 2 
7 9 1 8 7 0 9 3 5 9 9 8 8 3 9 2 
8 1 1 1 6 5 0 2 3 6 5 4 0 7 7 2 
3 6 9 5 6 0 2 6 2 9 1 1 1 5 6 8 
6 0 7 0 8 6 4 7 7 5 2 0 3 8 9 1 
6 0 9 5 9 6 1 6 4 4 7 1 9 1 3 1 
1 1 0 6 8 3 4 3 0 4 9 2 0 5 1 7 
