0 5 2 9 1 6 3 2 5 9 3 6 8 8 6 6 
5 9 2 6 4 1 6 8 0 9 7 3 1 1 2 5 
8 9 6 3 1 4 3 1 0 2 7 6 7 5 3 8 
7 6 0 6 0 3 5 3 0 0 8 7 3 5 9 5 
6 9 2 6 9 1 9 8 1 0 6 1 8 2 4 0 
6 1 3 1 2 1 0 9 7 5 0 2 6 2 1 0 
9 2 0 8 2 1 5 0 8 8 9 2 4 1 7 8 
7 1 0 9 7 3 0 2 2 3 2 6 6 4 7 3 
1 4 1 4 0 1 1 5 0 4 6 7 0 6 3 2 
2 9 9 7 9 3 5 8 8 2 9 8 0 5 6 5 
1 7 7 1 3 9 1 3 7 4 7 7 7 5 9 0 
0 1 4 4 2 3 9 1 9 1 3 5 8 6 2 1 
3 2 0 1 8 5 5 1 8 9 6 1 2 9 1 6 
3 6 0 3 1 5 0 6 4 7 4 9 3 8 5 8 
0 0 0 3 4 6 1 9 3 5 5 3 8 8 7 4 
5 8 6 5 8 4 1 8 5 2 9 5 9 9 4 3 
