0 1 2 0 3 6 7 5 8 7 6 0 1 0 2 0 
9 4 2 6 3 8 2 3 9 8 5 8 3 4 9 6 
0 8 8 9 3 4 4 6 5 4 0 4 8 6 5 0 
3 2 4 5 9 0 5 2 7 3 6 8 1 9 3 3 
6 0 7 7 4 2 6 2 5 3 6 3 9 2 2 4 
5 3 1 8 7 8 7 8 1 1 2 4 5 8 2 9 
9 1 9 7 2 5 7 3 9 8 0 5 0 1 2 0 
5 3 5 1 1 6 9 1 0 7 2 2 7 7 1 9 
4 9 0 7 1 8 6 7 6 2 6 3 9 2 2 8 
8 6 0 4 9 3 3 3 2 5 4 1 2 1 6 8 
8 8 8 7 1 6 6 2 4 5 1 9 2 2 3 2 
7 2 8 7 1 3 9 6 2 9 0 0 7 9 8 2 
8 8 6 2 3 3 3 8 2 7 8 9 4 6 5 9 
1 4 2 6 1 8 5 6 5 3 6 9 6 4 0 9 
2 0 9 4 6 0 0 1 4 0 7 8 9 2 4 2 
7 6 3 8 6 8 2 5 4 5 9 6 2 3 4 0 
