4 9 0 9 0 5 8 7 6 5 2 5 1 9 3 8 
5 2 0 9 8 9 7 7 5 1 0 8 2 8 3 3 
7 0 9 1 0 9 6 0 0 8 6 2 7 4 6 8 
0 9 7 0 9 8 6 3 3 2 7 5 7 6 7 5 
8 6 7 3 7 2 6 3 0 9 4 5 4 0 3 0 
5 2 8 9 1 5 8 3 9 0 2 6 1 0 5 0 
6 6 7 8 1 4 8 9 4 6 9 8 1 0 5 3 
8 2 5 6 9 6 1 7 6 6 7 2 9 6 6 4 
9 5 2 3 5 5 2 4 7 6 1 7 3 2 2 6 
1 7 2 6 2 9 7 3 8 4 0 5 0 0 5 6 
8 0 4 2 7 3 3 8 3 8 2 0 1 8 5 5 
1 6 0 8 5 7 5 9 5 3 2 5 0 4 6 4 
0 6 5 4 8 2 1 6 6 7 2 7 0 5 4 4 
2 9 0 7 7 4 8 4 3 2 6 7 6 7 1 6 
5 0 8 2 2 3 8 0 8 2 1 0 3 3 3 3 
9 4 1 7 3 9 8 0 5 4 2 8 8 0 9 5 
