0 9 1 7 8 9 0 0 8 9 5 6 1 7 1 4 
6 7 4 8 7 1 9 2 7 7 7 2 5 4 8 8 
1 9 1 5 9 4 0 2 2 8 4 7 8 1 8 9 
7 6 3 7 9 8 6 4 7 7 1 6 6 5 8 0 
0 8 4 5 7 7 0 2 1 3 3 7 8 9 7 2 
5 5 9 2 5 1 3 3 9 8 4 0 5 2 1 7 
7 3 5 2 4 8 8 0 8 5 0 2 1 4 6 1 
7 6 9 8 9 2 9 7 0 9 6 6 0 7 0 8 
3 7 8 8 4 4 9 8 7 8 1 1 1 8 1 4 
6 1 5 7 9 1 6 1 6 1 8 7 0 8 7 0 
5 9 1 3 9 9 2 5 1 5 7 6 2 4 7 2 
9 4 1 5 5 6 4 0 5 2 6 9 3 6 8 6 
0 5 7 1 1 6 4 0 2 9 2 1 3 7 3 4 
1 4 2 9 9 2 6 0 2 3 8 4 1 3 8 3 
4 2 6 5 0 6 4 8 9 6 8 2 2 2 9 3 
3 5 5 3 1 9 9 8 3 4 8 1 3 2 8 7 
