4 2 3 8 8 2 3 9 8 8 1 9 4 3 3 0 
4 2 2 8 3 9 3 8 9 0 0 3 2 2 4 3 
1 0 0 2 7 1 9 7 0 0 1 2 3 9 7 6 
1 0 5 6 0 1 7 5 5 2 0 9 4 2 6 1 
6 8 5 4 4 2 6 6 2 0 4 8 1 6 1 4 
8 0 6 5 4 2 6 9 5 8 3 5 5 7 3 9 
0 8 8 5 3 4 8 3 6 7 6 3 4 0 3 1 
3 4 4 7 5 0 0 2 0 5 5 9 3 7 0 5 
8 4 9 4 2 7 5 5 5 1 8 3 1 5 9 7 
3 5 5 6 3 6 6 5 0 9 8 3 7 8 9 3 
1 5 3 8 3 4 0 0 2 5 5 1 8 7 6 3 
1 6 1 6 9 3 9 9 4 5 3 2 7 4 4 9 
4 5 7 8 4 7 2 7 8 7 2 8 6 4 3 6 
8 3 8 8 4 0 5 4 7 8 8 0 4 7 6 1 
3 4 9 2 1 3 8 7 9 1 4 7 1 7 0 1 
7 1 9 7 8 2 2 5 4 3 1 9 4 0 4 7 
