6 4 1 1 8 5 2 9 5 4 7 9 3 4 2 9 
2 4 0 7 8 4 1 5 6 1 9 5 8 2 9 8 
9 2 3 4 7 3 1 5 1 6 3 2 7 7 7 4 
0 6 9 9 6 8 6 6 0 3 3 3 6 8 1 9 
3 6 2 0 3 3 8 8 6 9 8 7 0 9 4 4 
8 6 0 9 4 9 6 1 8 9 5 1 5 4 9 8 
7 5 8 1 8 2 7 2 8 8 6 7 7 6 7 4 
3 8 7 9 6 2 1 5 8 4 5 3 6 6 6 3 
1 6 2 4 1 9 3 7 6 0 0 3 4 0 4 5 
9 7 5 9 3 7 5 7 0 5 9 6 8 4 7 0 
4 4 3 4 1 8 3 9 5 8 7 0 3 0 7 2 
6 0 1 5 0 4 0 3 3 1 7 3 8 6 2 7 
4 3 3 2 9 5 1 1 5 1 6 6 5 9 3 0 
3 4 6 9 6 0 7 5 7 2 3 2 3 5 5 1 
9 8 6 5 3 7 5 5 7 4 3 9 4 1 5 0 
0 0 0 3 0 7 1 1 1 1 3 4 2 7 5 1 
