6 7 7 7 4 1 2 3 5 4 7 9 4 1 3 0 
1 5 5 9 2 6 5 8 8 8 6 9 4 8 4 0 
4 8 0 8 3 7 5 4 2 3 9 8 9 3 4 4 
3 5 6 2 2 1 8 6 6 9 6 6 4 3 4 9 
5 3 9 3 6 4 2 8 1 3 9 9 6 7 7 8 
7 1 9 9 4 1 4 4 6 8 1 4 9 0 4 0 
2 9 6 3 9 2 8 4 7 1 5 2 7 5 2 2 
8 6 9 3 3 9 0 2 4 4 5 4 4 6 7 7 
3 0 4 2 2 8 1 1 9 7 2 0 9 9 8 6 
8 9 2 5 2 3 4 0 6 4 3 9 5 0 9 7 
2 9 6 0 2 6 5 6 8 0 3 3 5 3 7 5 
3 9 7 7 3 7 1 2 2 5 2 1 7 0 3 6 
9 7 2 7 7 3 9 5 9 7 0 1 8 1 8 3 
5 2 7 4 8 4 4 3 4 3 7 2 4 3 9 0 
6 1 8 4 0 9 8 4 0 5 1 1 9 2 6 8 
8 9 0 3 8 9 1 3 1 9 4 7 7 9 3 3 
