0 5 5 9 9 2 9 8 8 9 2 9 5 7 6 5 
6 2 9 4 9 1 2 3 9 8 3 4 0 5 4 9 
2 0 6 3 3 5 0 3 7 3 1 1 3 8 6 4 
4 7 1 2 4 4 2 2 5 0 3 3 1 4 8 0 
2 9 7 9 0 3 8 7 5 0 7 6 0 7 5 1 
1 9 6 9 7 0 5 3 5 3 0 3 5 4 6 2 
8 6 7 3 2 0 1 5 1 8 8 4 7 4 6 6 
4 0 1 4 8 3 8 9 2 3 7 6 8 4 8 8 
5 7 0 2 3 5 5 2 9 1 0 1 7 6 5 0 
2 8 0 9 0 2 1 8 3 6 2 2 9 3 4 7 
1 7 6 8 1 5 4 3 6 1 6 7 6 7 4 2 
5 0 2 8 9 3 6 2 7 8 7 0 6 1 1 5 
3 2 4 3 8 6 9 6 8 6 9 1 2 8 0 9 
8 4 3 4 8 3 2 0 7 9 1 6 1 3 3 1 
8 9 2 4 6 8 6 5 8 7 5 5 3 8 2 9 
5 8 7 3 3 1 6 2 4 8 4 8 4 7 1 7 
