4 6 1 6 6 0 9 8 2 9 0 7 2 9 8 8 
9 1 9 0 0 9 2 4 7 4 6 1 6 4 0 8 
1 3 4 8 8 0 3 6 3 0 6 5 1 8 5 5 
1 4 0 9 4 4 5 4 3 7 6 6 6 7 3 1 
6 3 1 9 6 2 9 8 6 6 1 2 9 9 8 0 
9 8 1 6 2 9 1 4 7 7 3 1 4 6 1 5 
1 7 5 0 5 6 2 3 0 8 9 3 9 8 9 7 
7 3 8 4 0 2 8 3 3 9 8 3 9 0 4 7 
2 5 3 2 9 4 1 7 1 3 0 4 2 8 8 1 
5 3 9 7 7 3 2 3 9 0 7 5 0 7 7 3 
1 5 3 0 2 5 4 2 5 9 1 6 7 7 4 4 
5 3 3 6 1 7 4 8 9 7 8 7 2 1 5 1 
2 7 9 8 3 9 9 4 2 7 1 0 5 5 2 2 
3 1 7 6 9 4 9 6 9 7 5 9 7 4 6 5 
3 7 4 3 3 6 9 5 0 8 1 6 7 8 4 4 
2 4 8 5 7 6 1 8 9 8 8 0 8 0 4 5 
