7 1 6 6 2 2 3 0 0 8 0 0 3 0 7 4 
3 6 0 9 8 3 4 1 5 8 6 4 4 3 4 1 
8 2 3 3 4 1 1 8 8 7 4 5 9 3 6 4 
1 1 3 9 8 9 2 8 5 0 4 2 8 7 3 3 
4 9 0 3 7 2 0 6 5 1 8 9 3 1 5 5 
9 9 8 2 5 6 3 6 2 9 1 1 0 4 2 1 
5 9 9 4 9 7 8 0 9 6 0 0 0 6 6 6 
3 8 0 3 0 0 0 0 0 7 3 0 4 2 4 1 
1 3 4 0 3 6 5 3 8 6 1 3 1 9 1 7 
1 7 8 0 6 7 5 6 1 0 4 6 1 0 1 5 
7 8 9 2 1 7 3 5 6 5 4 2 7 8 2 2 
9 9 0 5 8 1 1 6 1 0 8 4 9 8 7 0 
4 1 6 0 0 2 8 8 7 7 9 7 5 3 3 8 
7 7 8 1 7 4 6 6 0 2 5 2 9 0 1 2 
0 1 4 4 4 7 4 3 0 1 7 4 4 8 8 3 
5 4 9 7 6 3 2 2 2 7 8 2 7 4 2 7 
