9 1 4 2 8 2 0 8 7 3 4 8 6 7 3 4 
6 2 9 2 4 8 3 8 7 3 2 4 9 9 2 3 
2 8 5 1 3 0 1 0 2 4 7 2 6 9 0 1 
2 7 3 2 3 3 1 8 8 7 5 0 3 1 3 4 
7 9 5 4 5 0 8 4 5 7 9 8 1 5 8 5 
2 2 1 7 5 9 6 7 4 4 9 2 1 0 4 2 
8 6 1 1 6 4 5 2 0 2 1 1 9 4 6 0 
9 9 8 4 5 8 8 9 4 5 0 1 0 5 0 2 
1 4 0 5 4 0 7 9 6 6 3 1 3 7 3 5 
3 1 0 4 7 2 6 1 4 7 0 4 5 6 1 7 
9 4 4 8 6 6 4 5 2 3 8 5 7 9 1 5 
2 9 7 0 6 2 9 7 6 1 3 1 2 1 3 4 
2 6 9 2 4 7 4 0 0 6 9 0 1 9 2 4 
4 7 3 0 2 0 5 4 6 7 5 5 2 3 0 1 
5 7 6 5 2 7 2 1 4 1 0 2 8 9 1 6 
6 9 5 1 4 0 6 4 4 6 8 9 5 6 7 4 
