8 2 9 7 5 2 9 3 0 0 0 6 8 4 6 2 
5 8 4 3 9 6 8 7 8 3 8 2 5 0 4 5 
7 6 0 6 8 4 6 9 2 8 7 4 2 2 1 9 
5 3 8 7 6 9 5 7 0 2 9 2 1 8 9 4 
1 5 4 3 0 0 9 5 6 5 5 6 0 8 8 9 
7 3 0 6 4 1 7 7 2 0 5 7 5 7 7 7 
8 4 0 1 7 0 0 1 2 7 9 3 3 5 3 9 
3 7 2 9 8 4 9 6 9 0 8 7 7 8 7 4 
7 2 5 4 4 0 3 8 4 1 3 3 1 4 8 3 
6 6 0 3 0 2 3 4 0 1 6 2 5 7 2 7 
6 7 9 5 3 4 5 2 8 9 4 3 7 0 6 7 
4 5 6 7 4 2 1 1 6 0 4 9 6 6 0 7 
3 8 6 3 1 9 9 5 4 0 9 8 9 0 4 2 
3 7 6 3 1 2 0 7 8 2 7 2 0 4 2 4 
0 4 5 6 7 1 9 8 0 3 2 3 6 2 8 8 
5 2 8 8 6 2 0 3 0 5 0 7 3 9 8 2 
