5 8 3 8 8 2 8 2 4 1 5 2 4 8 0 7 
3 7 7 6 1 4 6 2 9 0 0 7 0 8 1 0 
7 6 5 5 6 1 9 2 8 9 9 2 3 5 9 3 
1 3 4 0 5 6 8 5 5 0 8 4 7 1 4 6 
7 7 2 7 2 0 7 1 2 2 7 1 9 3 6 7 
4 1 4 6 7 8 9 1 7 0 8 5 8 9 1 3 
1 5 1 8 8 1 1 1 5 4 9 7 6 6 9 6 
0 3 1 5 9 1 6 5 9 7 8 8 7 3 7 9 
8 4 1 3 2 6 6 5 4 5 9 4 0 9 5 7 
5 3 6 3 9 9 1 0 0 1 4 5 0 8 2 4 
0 0 5 9 8 0 2 6 6 7 2 8 1 9 3 6 
1 1 5 6 1 2 2 2 6 4 5 7 5 2 9 8 
0 3 8 4 7 3 4 1 2 6 8 4 9 3 7 4 
4 5 2 1 8 0 2 4 4 2 8 9 8 8 5 1 
1 8 1 6 8 8 8 4 5 2 0 3 2 2 4 2 
7 4 8 6 1 1 7 7 0 2 3 8 1 5 6 7 
