0 0 7 8 0 8 1 9 5 6 9 5 6 7 6 7 
2 9 7 3 4 6 9 4 2 7 3 6 0 6 7 0 
4 8 7 2 6 6 5 2 1 0 5 6 3 4 5 2 
6 5 9 2 4 2 4 0 7 1 9 3 6 5 6 4 
2 3 3 4 1 5 5 0 8 0 1 6 0 2 7 1 
8 9 0 5 8 3 0 3 2 9 1 3 1 0 2 8 
9 3 4 4 2 0 4 5 0 0 4 7 3 4 6 9 
9 5 7 1 8 2 7 5 4 0 6 3 1 3 0 4 
7 1 4 2 7 6 3 4 5 3 0 4 6 9 1 8 
4 9 1 3 7 5 4 1 7 1 2 5 4 4 5 8 
3 8 7 9 5 0 7 2 0 9 5 9 9 1 5 5 
4 7 0 5 3 7 3 8 7 6 4 9 6 9 3 5 
2 4 9 5 6 3 4 9 0 2 8 0 8 5 6 7 
3 5 6 5 5 7 6 5 3 0 0 5 8 9 0 0 
1 5 8 8 1 2 6 2 8 2 9 0 9 6 7 6 
8 1 6 9 3 2 9 6 8 8 6 3 1 8 1 6 
