0 5 4 3 3 9 2 5 4 1 6 5 5 0 3 4 
4 7 1 6 3 1 0 2 4 5 8 0 8 3 8 0 
0 5 8 3 1 3 7 9 7 5 1 5 1 2 7 6 
4 8 3 3 8 5 1 6 5 6 0 7 1 3 9 9 
8 5 6 5 1 6 6 9 4 2 0 1 1 3 9 5 
9 6 8 4 3 2 4 7 7 0 6 9 5 4 8 2 
1 6 1 8 8 0 9 0 8 8 7 9 4 1 2 3 
0 1 5 7 8 4 6 3 1 4 5 9 6 7 3 1 
8 4 2 6 1 4 3 2 3 2 4 8 5 9 9 7 
1 0 3 8 6 2 1 0 7 5 1 6 5 7 2 7 
1 1 7 9 7 0 9 9 4 9 7 7 3 1 0 1 
0 7 7 6 5 4 4 8 0 5 4 7 5 8 8 9 
3 0 8 6 5 3 3 6 7 6 2 7 0 1 7 1 
9 0 7 1 5 6 3 6 6 1 3 2 9 2 4 0 
3 9 0 4 2 6 5 9 8 6 7 5 0 3 6 2 
9 8 5 5 3 2 6 8 6 2 9 2 5 1 0 4 
