0 7 0 4 5 6 2 6 0 5 6 4 4 7 2 9 
5 5 9 9 0 0 0 1 2 9 6 1 7 9 9 5 
3 6 4 2 2 3 7 7 1 1 5 2 3 1 3 6 
6 6 3 3 9 8 9 9 7 2 5 6 8 5 8 1 
1 4 6 5 6 0 3 5 3 1 4 4 6 2 4 6 
4 3 0 5 9 7 5 2 6 9 2 5 6 9 7 6 
5 7 2 3 1 2 4 2 9 1 8 1 1 5 0 1 
8 6 5 7 6 3 5 6 8 4 0 8 3 4 7 7 
2 5 7 8 5 0 2 4 7 8 1 5 9 4 1 6 
3 1 1 1 8 7 1 6 8 6 6 6 4 9 9 8 
4 6 0 5 0 6 9 2 6 8 3 8 0 5 0 3 
8 4 6 4 5 3 5 1 7 3 6 5 0 7 1 6 
6 6 1 0 4 1 4 5 5 7 1 2 1 7 1 0 
5 0 6 7 3 9 4 9 0 2 2 0 1 6 3 2 
0 8 1 7 5 6 3 6 1 2 4 1 6 5 1 6 
0 5 2 3 0 4 9 9 5 5 7 1 7 9 2 5 
