6 5 2 7 9 3 7 1 8 7 9 8 4 4 2 5 
0 7 0 9 0 7 6 7 9 3 1 9 5 1 1 2 
7 6 5 0 1 8 4 0 1 0 5 6 3 6 8 6 
2 4 3 9 2 0 6 0 3 7 7 5 6 2 7 4 
9 9 8 1 9 9 0 1 1 1 9 2 9 2 3 1 
6 2 6 4 6 1 7 5 9 1 5 0 5 9 8 6 
0 7 5 4 5 1 2 2 4 2 5 3 7 9 0 1 
4 3 7 9 3 4 7 6 4 2 5 2 1 7 3 2 
5 1 5 8 6 6 8 2 1 3 4 3 6 1 3 5 
4 4 8 9 4 9 4 9 2 7 9 5 1 0 7 6 
7 0 9 8 6 0 6 7 8 3 1 1 5 2 8 0 
6 4 3 7 0 7 1 2 2 1 9 2 4 2 1 5 
8 8 3 5 3 4 1 5 2 2 8 2 8 6 4 4 
5 2 0 1 7 2 0 5 0 5 0 0 5 0 0 9 
1 4 8 6 4 6 4 5 0 8 7 6 6 0 7 3 
7 9 8 5 4 3 1 5 2 4 9 2 5 8 7 2 
