8 3 6 5 4 5 1 0 9 3 9 4 0 1 5 5 
0 2 2 3 6 4 5 3 1 1 5 8 8 6 9 1 
7 3 1 5 0 1 4 4 1 5 8 2 2 7 3 1 
6 6 8 7 6 2 2 1 5 1 1 0 0 3 8 0 
5 8 8 9 6 3 5 1 0 2 5 7 7 7 2 5 
4 4 0 6 2 1 8 3 0 4 8 0 9 8 5 0 
8 8 7 6 7 1 2 0 9 9 6 5 3 4 9 7 
0 0 1 1 2 8 4 2 9 5 0 0 9 5 1 8 
9 9 0 8 9 8 4 8 2 2 0 0 9 6 9 8 
5 0 4 4 9 1 3 2 8 2 3 6 3 4 4 3 
6 5 8 5 2 1 2 1 9 5 4 5 3 6 2 1 
2 3 3 0 7 5 5 1 8 7 2 5 4 7 4 7 
6 7 3 4 3 3 1 0 1 1 8 8 5 5 5 6 
0 1 2 5 4 8 0 2 7 7 3 6 6 6 6 6 
7 1 5 7 4 3 9 0 9 7 8 9 0 4 4 0 
6 1 8 7 2 0 8 2 8 2 0 8 2 4 9 6 
