8 9 9 7 6 0 0 0 4 9 2 3 0 7 3 2 
2 8 4 9 4 3 6 5 4 5 0 4 4 7 3 7 
0 5 3 5 9 4 6 0 0 9 6 7 6 3 3 1 
3 4 5 7 5 6 9 7 1 3 4 5 0 9 7 3 
4 5 9 8 6 6 5 1 0 3 0 4 7 2 6 7 
9 3 9 5 9 4 0 6 3 6 4 8 0 9 6 9 
4 1 4 7 1 0 1 0 7 6 6 0 9 7 3 8 
0 1 8 0 6 5 9 9 0 9 3 6 4 8 5 2 
8 7 1 6 7 1 7 1 2 5 9 9 1 9 1 0 
7 8 0 6 3 9 7 7 0 4 5 2 9 9 9 8 
9 7 7 9 4 1 6 5 7 8 2 1 2 9 6 7 
6 8 7 9 4 1 7 6 2 9 8 2 9 8 0 9 
8 6 2 0 4 5 6 3 9 1 0 3 6 6 2 5 
4 4 7 4 2 2 0 3 5 5 3 2 7 4 5 1 
2 4 6 6 0 1 7 7 0 3 0 7 8 8 8 3 
1 2 7 5 1 2 6 3 8 5 3 2 5 0 0 6 
