3 8 8 3 0 9 4 0 2 5 6 8 4 7 7 1 
5 1 5 1 7 4 0 9 6 5 2 7 4 2 1 1 
0 9 1 1 4 5 0 0 1 6 7 2 9 5 9 5 
2 9 5 3 6 2 0 9 7 6 9 8 6 3 4 3 
8 2 2 1 3 1 9 8 8 4 1 4 9 5 2 1 
0 3 2 2 2 1 2 7 9 4 5 3 9 5 7 8 
9 0 8 3 3 4 4 8 3 0 4 9 8 3 0 7 
6 9 0 6 4 9 3 4 3 6 2 8 0 8 0 6 
4 3 4 3 1 6 4 8 0 3 5 6 9 0 6 3 
2 0 9 6 2 0 8 2 6 8 5 8 6 1 2 7 
7 6 8 5 5 4 7 3 7 2 3 5 4 6 8 8 
3 1 7 9 6 4 6 7 4 9 9 7 0 1 1 2 
1 6 3 5 8 8 5 9 7 4 8 5 0 8 1 4 
8 6 7 6 8 2 8 9 8 5 2 8 5 0 3 3 
3 2 9 8 8 3 2 2 0 9 2 8 5 1 3 7 
7 4 8 6 0 2 7 4 6 6 5 8 6 6 6 0 
