0 2 1 6 6 2 4 4 8 3 0 9 4 2 3 5 
0 3 7 0 1 5 8 1 5 1 7 3 6 9 9 0 
7 1 7 3 0 7 2 5 7 3 9 8 1 0 1 9 
0 6 8 7 1 1 7 0 1 3 9 5 5 0 6 4 
8 8 7 0 6 5 6 6 2 0 1 0 4 0 8 6 
4 0 2 5 2 6 3 8 6 7 4 4 5 9 4 9 
7 5 3 0 8 0 7 9 6 9 1 8 3 2 5 8 
1 5 0 0 9 5 4 1 8 3 8 2 7 8 0 0 
7 3 3 9 3 0 3 8 5 7 3 5 3 5 7 3 
2 3 6 4 3 6 4 7 0 6 3 4 8 3 8 3 
5 5 4 0 3 9 5 7 8 8 5 9 8 9 4 1 
3 5 0 8 1 6 0 9 4 1 1 5 1 8 6 7 
3 4 3 2 1 6 9 9 5 7 7 3 3 2 9 6 
6 9 3 8 4 0 9 9 6 8 9 4 3 5 3 2 
5 5 4 8 1 2 9 3 3 1 6 0 5 6 6 1 
3 6 2 0 4 8 9 3 7 5 0 7 0 4 1 6 
