5 6 0 8 5 4 0 4 3 3 6 6 6 0 6 0 
2 7 3 9 7 8 0 5 2 5 5 4 5 5 6 0 
6 6 1 5 3 9 2 8 2 3 4 4 6 3 0 1 
3 9 5 7 9 2 5 7 9 6 8 9 5 1 5 6 
9 5 3 1 2 5 5 3 3 5 9 8 6 8 1 3 
7 4 0 4 1 5 1 6 4 9 0 2 6 2 0 4 
7 7 5 2 3 0 4 9 9 5 8 4 4 7 7 7 
3 6 5 4 1 5 6 9 7 5 3 2 9 5 8 5 
1 3 7 1 6 2 5 8 1 9 5 6 7 4 7 8 
2 6 2 6 6 9 7 4 5 0 3 0 8 8 3 5 
1 7 3 8 8 2 0 8 0 9 1 3 4 8 9 3 
4 0 5 7 8 2 9 0 0 8 9 6 3 8 5 1 
4 7 6 1 5 4 6 4 6 5 6 5 5 7 4 4 
5 6 3 0 1 9 4 6 9 2 0 0 0 4 7 3 
2 0 6 9 4 5 6 9 1 6 0 4 6 1 9 5 
8 1 3 1 5 3 9 0 3 8 6 5 1 0 2 6 
